1024	3.35792
2155	5.45785
533	3.30093
525	4.48074
701	3.13332
1193	3.39831
1242	3.7755
511	3.38474
1036	3.39416
575	3.01897
775	3.1632
755	3.45579
780	3.1003
957	3.01967
3222	3.68653
1088	3.58933
536	3.38865
514	3.0332
543	3.47247
587	3.13366
816	4.28841
1711	3.39417
622	3.80493
859	3.72292
618	3.59436
1381	3.15325
546	3.03181
586	3.31106
620	3.77841
559	3.02837
877	3.22703
640	3.85482
875	3.15551
1067	3.16771
520	3.47238
642	3.05531
1218	3.64602
877	3.18623
675	3.51266
542	3.03903
1097	3.26349
1643	3.13392
835	3.43139
1072	3.05604
795	3.58114
604	3.43948
652	3.55228
637	4.4054
913	3.1576
2022	3.41203
1802	3.03367
511	3.30534
1864	4.36957
505	4.23774
1091	3.50095
640	3.54519
1023	3.0984
1220	3.13174
664	3.65269
1047	3.89322
1008	3.1425
540	3.4826
1252	3.72583
940	3.38988
1087	3.12422
506	4.85346
509	3.6628
513	3.84715
519	4.07233
1000	3.4067
657	3.1015
898	3.15169
1198	3.11918
530	3.98246
770	3.34916
947	3.45884
801	3.26327
730	3.38079
524	4.26609
821	4.03432
1020	3.96215
917	3.67307
978	3.29465
1047	3.91197
722	3.23749
833	3.4988
627	3.49607
862	3.21468
583	3.29039
571	3.11412
835	3.56038
611	3.34827
855	4.26119
1039	3.53675
571	4.30556
815	4.04644
526	3.26283
1069	4.07731
732	3.20684
1155	3.30402
643	3.25339
1077	3.87292
652	3.56787
504	3.79931
986	3.15261
869	3.08674
889	3.41264
512	3.12688
595	3.5098
1138	3.37779
574	3.54394
533	4.02762
543	4.11845
522	3.29805
908	3.30793
1211	3.43479
572	3.26651
942	3.43166
598	3.93069
656	3.58452
1019	3.63293
1160	4.99295
916	4.16726
624	3.43175
567	3.65494
1205	3.55892
585	4.18264
577	4.02785
751	3.47296
542	3.45986
938	3.77528
1286	3.66485
1274	3.39451
720	3.52555
763	3.09745
703	4.11395
929	3.94317
643	3.53945
640	3.69328
1008	3.78956
604	3.54439
895	3.66284
792	3.52113
611	3.58442
548	4.25746
514	3.29045
1062	3.53834
642	3.228
687	3.22477
643	3.834
897	3.5723
501	3.6201
779	3.48625
1193	4.68119
1248	3.94954
822	4.03526
986	3.53899
788	3.60206
952	3.10598
946	3.12471
506	3.02309
932	3.47897
555	3.12143
562	3.6048
970	3.20663
500	3.1461
501	3.38051
601	3.65537
592	3.50274
666	3.2839
1005	3.4431
1284	3.04204
530	4.3745
598	3.17323
588	3.23934
645	3.56408
590	3.17207
1099	3.52146
584	3.01815
812	3.48684
508	3.99445
1000	3.42645
638	3.39647
593	3.6152
719	3.75765
590	3.70004
1427	3.38471
623	3.56967
524	3.4083
741	3.1591
711	3.1756
1561	3.636
795	3.54916
656	4.77677
1120	3.18819
835	3.65304
1193	3.20767
658	4.5684
1077	3.88498
841	3.03418
650	4.55687
767	3.36421
1291	3.13516
893	3.64628
1281	3.29805
1081	3.00388
505	3.66565
1195	4.74421
1312	5.93259
593	7.17377
1238	4.43511
1264	6.1972
560	5.30139
536	9.69504
1312	6.12442
622	3.86888
663	3.90736
1543	4.50856
1187	4.85057
985	3.49406
1033	6.66552
1109	6.0232
1972	4.02947
900	3.48218
843	5.49353
1120	6.95032
1070	6.53689
520	8.84869
817	6.19156
673	4.04165
1137	4.18832
2269	6.96154
925	5.06619
1043	4.23555
950	4.71429
1240	3.91662
1195	4.54294
747	5.30404
590	5.68264
576	5.5268
699	5.14814
2266	5.07624
1015	3.19239
1264	4.52398
746	4.15717
936	5.51149
662	9.67967
1368	4.94104
872	6.90338
1306	6.56534
1004	5.20517
831	6.71529
1234	4.74594
1294	5.69868
877	7.32347
572	7.42416
699	4.15344
688	4.99308
1926	10.0495
884	4.34551
1662	5.46712
956	5.3437
935	9.13927
874	4.49746
756	4.78991
989	3.57364
2110	4.84766
1232	6.4234
1158	3.40596
1588	4.65359
1263	5.38388
1895	4.56004
1262	5.23411
784	4.29968
1020	4.49897
518	7.05719
878	6.67868
1136	4.68565
1230	3.83282
1480	3.83823
624	7.30061
1006	5.00583
1096	3.9909
1069	5.08976
1289	7.05793
1174	4.46372
2167	4.18199
1058	4.52089
1803	4.43843
961	3.30094
617	8.64545
1619	4.66143
1100	9.25446
2486	4.15689
1039	4.6261
3156	6.52827
1037	6.25806
1295	4.47592
1590	3.59117
2683	5.09562
537	3.1856
537	3.12965
1378	3.07113
621	3.56162
550	3.13848
647	3.2264
729	3.58824
1164	3.04589
1077	3.50532
907	3.90651
1300	3.04076
614	3.22339
577	3.39985
587	3.06193
1019	3.12664
673	3.4325
616	3.00668
1248	3.29679
933	3.31847
606	3.47933
1182	3.37362
2104	3.243
1605	3.46894
525	3.92171
765	3.58213
721	3.31045
501	4.26382
759	3.50396
574	3.32488
537	3.00971
643	3.64571
917	3.63566
1204	3.5439
507	3.85107
1053	3.64112
934	3.57552
584	5.19453
1428	3.43684
751	3.86016
930	3.79124
837	3.52204
594	3.4841
677	3.34641
659	3.22462
1004	3.72891
759	3.61576
960	4.06088
678	3.54426
1043	3.23401
598	3.13069
1284	4.09784
1248	3.96894
1021	3.09559
556	3.66565
582	3.1959
683	3.85558
1028	3.39337
570	3.11687
787	3.21507
760	3.26573
888	3.59427
512	3.70515
1285	3.56326
1702	3.20142
893	3.25453
792	3.62849
525	4.13026
530	3.60612
550	3.60779
551	3.65515
969	3.93632
524	4.0023
766	3.67571
752	3.20861
1207	3.9332
1368	3.1251
1273	3.86043
1185	3.98445
557	4.21335
544	3.15235
1054	3.58531
942	3.8815
753	3.40272
853	3.22515
710	3.34594
919	3.32113
1009	3.9788
519	3.96985
897	3.4654
930	3.22935
903	3.02325
559	3.94018
751	3.14585
641	3.07931
542	3.80009
948	3.30922
2177	3.45699
1014	3.5314
952	3.02416
1335	3.37989
899	3.23938
532	4.37115
522	3.45431
586	3.0256
922	3.07305
1064	3.42714
712	3.44824
626	3.84302
861	3.03308
583	3.3935
1007	3.77098
629	3.33882
916	3.57249
809	4.08481
673	3.87127
1249	3.51509
513	3.69469
903	3.62525
661	3.7196
584	4.1467
1636	3.07429
615	3.58365
991	4.72363
780	3.85758
939	3.66276
505	3.41673
1046	3.45108
1049	3.27616
580	4.28923
561	4.06319
590	3.09339
607	4.2394
672	3.76948
504	3.60593
928	3.95352
982	3.27057
729	3.4537
562	3.22757
849	3.5446
716	3.87614
553	4.65604
768	3.26008
919	3.46931
1090	3.19461
1387	7.94098
695	6.39981
1112	3.64245
535	3.75736
552	4.60379
664	3.21138
783	4.13645
669	3.46007
600	3.73025
1449	4.03921
518	5.5369
846	6.65028
557	5.849
599	5.40416
577	3.64402
637	3.63246
937	3.48318
578	3.42551
809	3.52245
695	4.9705
575	4.39804
836	3.53081
805	3.58232
964	5.10476
888	3.18185
1027	3.74442
950	3.73021
642	3.84161
885	3.4908
806	3.74163
973	3.70473
993	3.45748
609	3.94695
885	3.78578
595	3.76489
596	4.641
946	5.55525
1858	4.86015
809	7.23537
774	5.21699
756	5.69548
503	10.934
1310	6.70828
503	6.43453
879	3.90038
1847	4.61148
710	3.69352
602	4.69861
1208	5.92307
1633	5.15581
526	6.99698
991	8.12285
985	3.61569
1101	3.75854
777	4.91026
649	3.62371
1226	5.1328
576	4.34805
1102	4.76366
1500	4.85126
1036	3.74939
575	7.81368
1128	8.43947
1053	4.40554
579	11.3205
1204	4.55557
1076	5.18899
698	7.30843
676	3.74339
821	4.12719
623	3.68497
523	5.79484
620	4.3228
990	3.80784
765	5.27003
1204	5.67468
819	6.14951
618	4.01509
859	3.72961
803	3.21526
1101	5.06666
983	3.78708
521	4.50047
666	3.84156
832	3.427
942	3.2301
791	3.58089
873	3.59993
861	3.18223
853	3.35433
532	3.29044
863	3.60017
923	3.30391
572	3.45113
1228	3.18753
581	3.50038
1089	3.7815
758	3.78736
541	3.49253
717	3.24181
917	3.03703
1096	3.84017
795	3.04604
797	3.21062
1063	3.17826
868	3.62532
642	4.02385
638	3.35073
574	3.38546
1153	4.78088
955	3.39113
724	3.54441
865	3.49808
719	3.73622
543	3.39984
632	3.90578
599	4.17877
888	3.68638
1326	4.16774
781	4.09331
808	3.45073
1008	4.37
544	3.72644
1231	3.62974
1513	3.20044
584	3.72261
609	3.64994
929	3.27415
546	3.44512
942	3.04922
538	3.35574
545	3.58197
1219	3.57015
678	3.51026
611	3.46567
723	3.12764
961	3.09858
701	3.82592
759	3.3787
1068	3.75804
600	3.07412
664	3.3226
566	3.34784
622	3.13147
606	3.70941
642	3.29706
695	3.16628
1133	3.3216
661	3.11026
1139	3.08387
526	3.62581
680	3.03397
583	3.30084
994	3.49906
519	3.00852
1255	3.66835
612	3.36532
1055	3.59034
706	3.98575
614	3.70656
799	3.90642
701	3.76813
757	3.46914
607	4.38558
720	3.57141
1231	3.92329
595	3.29895
811	3.49752
1282	4.2296
600	3.29756
1049	3.27648
539	3.88423
570	3.51714
664	3.24046
699	3.27337
863	3.47046
689	3.45584
910	3.12239
708	3.24381
628	3.68985
933	3.50883
553	3.28639
564	3.22812
559	3.14739
573	3.57037
961	3.65584
935	5.66754
848	3.49093
657	3.41918
736	3.64424
853	3.16782
538	3.45514
686	3.34602
1523	4.0187
2156	5.10303
904	3.38232
1008	4.69216
582	3.54196
1107	3.44886
689	3.51087
657	6.40439
1014	3.52357
1625	3.23494
1078	3.17383
1201	3.04602
994	7.61213
711	3.72166
784	3.46364
554	3.46766
956	3.86883
1250	4.52647
889	3.53025
902	3.24424
921	4.01763
1565	3.51581
502	3.79588
525	3.65614
754	3.78485
632	3.35776
1775	4.1565
1243	3.45248
755	3.83566
904	3.6209
714	3.50343
792	3.66479
607	3.70076
984	4.33496
514	4.79245
860	3.35978
695	3.08806
1056	3.07248
687	3.14345
1090	3.49395
922	3.62455
545	4.02786
617	3.44183
696	4.27165
1219	3.66306
946	3.00792
508	3.82067
546	3.41291
561	3.10564
618	8.84766
826	3.15587
786	3.66565
551	3.14169
1273	3.51946
951	3.28004
509	4.0064
812	3.91294
950	4.11062
810	3.08327
782	3.19903
564	3.06855
704	3.50298
655	3.85716
849	3.18461
693	3.4969
793	3.51256
510	3.13342
544	3.38314
1400	3.19281
1410	4.95706
1075	3.13699
503	3.3478
583	4.07048
1350	3.19055
648	3.30231
573	3.37542
858	3.37686
869	3.08388
552	3.73669
784	3.72453
717	3.76402
1144	3.59408
505	3.64223
630	3.34544
1288	3.33981
551	3.06767
963	4.03636
611	3.52347
849	3.96856
626	3.61253
1121	3.62428
758	3.85244
693	3.70989
700	3.44096
988	3.57805
1138	3.97221
842	3.90747
683	3.47969
521	3.77939
512	4.28835
799	3.42294
964	4.0606
647	4.04417
1048	3.5714
975	3.55914
927	3.967
846	3.52714
785	3.78406
565	3.47782
645	4.27865
1211	3.64144
601	3.4925
653	3.57218
770	3.08936
1172	3.43817
537	3.22395
569	3.21409
1014	3.49259
938	3.91762
879	3.16902
955	3.26625
550	3.28535
685	3.56213
522	3.32033
530	3.12106
605	3.3505
1427	3.09966
860	3.55195
595	3.041
624	3.2946
639	3.61505
680	3.55115
820	3.67643
821	3.35895
792	3.22059
697	3.19363
869	4.09705
543	3.43491
1427	3.54355
1022	3.32016
681	3.55984
725	3.48397
992	3.79536
545	4.18108
1023	3.09274
518	3.63025
1130	3.88023
667	3.36206
580	3.42415
544	3.20016
732	3.42124
1375	3.54697
529	3.94466
760	3.53332
1248	3.36058
1979	4.37665
638	3.74822
776	3.89104
901	3.60457
1109	3.07317
510	3.3577
816	3.40455
1563	4.98385
734	3.30489
811	3.54226
606	3.28386
512	3.48858
614	3.93125
1175	4.52893
747	3.50446
527	4.00204
525	3.81508
593	3.89142
647	3.66565
1007	3.66781
956	6.24881
728	3.69413
976	3.72767
815	3.75211
592	4.31252
699	3.09457
796	3.56786
904	3.66565
1164	3.17948
509	3.00416
540	3.67099
1143	3.80544
1130	3.00838
1138	3.25877
896	3.72618
853	3.63751
539	4.83188
576	3.64454
1162	4.28123
937	4.95307
526	4.48652
772	3.67853
895	4.54254
869	3.92353
918	3.59735
1133	4.17968
810	4.03113
1029	3.61883
599	4.05482
542	3.89613
562	3.90176
592	3.9317
520	3.81951
1168	3.6168
951	3.47069
1128	3.28994
751	3.50875
919	3.30826
1121	3.61087
1064	3.44206
551	3.46173
647	3.70756
1060	3.408
508	3.68674
779	3.36704
596	4.17297
691	3.40958
643	3.47363
505	3.99494
625	3.50113
976	4.00194
720	3.90038
776	4.05346
532	6.76389
761	8.77796
888	3.87029
789	3.72102
539	4.11391
505	3.20731
543	3.6811
509	3.84446
524	3.05333
929	3.30798
1372	3.36025
801	3.72434
1132	4.59932
674	4.21704
552	3.86743
917	3.48504
724	4.12771
719	4.6582
781	3.5084
857	4.00613
525	3.59182
640	3.34009
606	3.67171
503	4.29409
512	3.66565
567	4.10861
827	3.46165
586	3.1074
599	4.28705
590	3.88677
507	3.65107
538	3.76365
722	4.16666
644	3.20546
659	3.42027
731	3.11491
667	3.47439
1357	6.27705
781	3.18863
915	3.23409
542	3.42604
617	3.96786
1051	3.32292
551	3.45069
1208	3.76119
945	4.26665
902	4.67893
761	3.52319
631	3.75045
688	3.68442
748	3.6519
646	3.69816
1033	3.16689
608	3.46646
883	3.75604
1011	3.86985
546	3.93035
730	3.89839
902	3.36604
1422	3.2487
606	4.00685
605	3.86896
596	5.18669
1062	3.72196
554	3.93903
749	3.03575
966	3.49566
763	3.23756
983	3.65604
517	3.12682
1449	3.46324
1090	3.69112
924	3.53755
832	3.81681
981	3.03619
1662	3.12607
552	3.03424
765	3.57475
745	3.9818
622	3.27546
580	3.4331
789	3.26577
946	3.33619
719	3.99789
707	3.56122
718	3.619
504	3.66565
998	3.60131
534	3.40312
589	3.45229
932	3.51534
891	6.86348
562	3.70815
593	4.18241
934	3.49163
1013	3.31195
1303	3.46154
1186	4.49443
697	3.53182
547	3.0131
1555	3.10241
1314	3.7328
502	3.2112
511	3.54815
1021	3.43003
680	3.32431
696	3.37377
610	3.66565
924	3.61545
801	3.35812
791	3.75398
699	3.00208
933	3.33678
1358	3.21068
786	3.05358
950	3.25336
530	3.49236
562	3.24613
1344	3.31342
711	3.363
809	3.78924
966	3.20432
686	4.19656
530	3.69363
1201	3.5428
1775	3.58946
1038	3.93095
1225	4.88252
950	3.58764
1066	4.22554
574	3.46536
840	3.04832
724	3.81946
1110	3.57885
595	3.26726
568	3.91829
595	3.38491
1143	3.52172
848	3.30917
576	3.0793
1263	3.65529
1101	3.30387
600	3.04849
669	4.0636
1063	3.29351
699	3.43585
711	3.37727
666	3.50576
549	3.19519
806	3.01217
674	3.58729
630	3.76706
855	3.75395
913	3.22406
912	3.82011
996	3.15765
528	3.71335
585	6.16026
1036	3.659
653	3.8115
517	3.15101
562	3.28413
517	3.19692
546	3.13236
646	3.18103
1101	3.1997
876	3.4644
695	3.4333
642	3.50402
1114	3.09602
534	3.44091
869	3.61807
732	3.41278
591	3.57083
1159	3.95222
516	3.43891
985	3.10923
905	4.07475
518	3.44569
687	3.43685
907	3.46554
975	3.56589
738	3.25303
530	3.66912
672	3.95468
503	4.19781
1051	3.1189
987	3.06836
734	3.6171
1084	3.39332
885	3.424
639	3.00705
1040	3.02014
638	3.00074
636	3.56698
572	3.1015
585	3.91844
789	3.71306
817	3.14034
583	3.61644
1011	3.47152
594	3.49813
851	3.91174
724	3.19698
517	3.61158
521	3.24433
785	3.0732
873	3.57647
528	3.54851
561	3.60567
819	4.04874
878	4.37692
629	3.84363
679	3.18159
728	3.23043
1156	3.36682
521	4.22555
511	3.1443
652	3.0445
592	3.86891
595	4.83879
760	3.60202
540	3.45635
761	3.06818
704	3.1028
554	3.14102
763	3.65017
517	3.64283
855	3.60315
907	3.12983
803	3.61617
676	4.13038
674	3.55547
511	3.35909
1017	3.47212
602	3.59399
783	3.68143
641	3.48283
1391	3.45812
553	3.82069
923	3.2021
919	3.08387
1103	4.53511
798	3.64993
1201	6.04404
929	3.84625
1202	3.78579
523	3.12893
545	3.59996
592	3.41383
570	3.43481
940	3.40547
638	3.4658
890	3.06495
1193	3.38129
1007	3.56188
780	3.97643
772	3.46801
735	4.8801
663	3.07529
792	3.07107
725	3.56126
512	3.60641
2356	4.01522
1053	4.89189
827	3.1177
887	5.14669
612	3.11781
3011	3.17749
778	3.56759
1137	3.86436
552	3.20905
545	3.61168
585	3.19822
1097	3.69575
789	3.29027
733	4.92464
539	3.19845
892	3.39147
630	4.52825
887	3.95007
1159	3.29092
552	3.29156
893	4.26749
832	3.69263
524	3.0469
544	3.58854
695	3.19814
662	3.19197
847	5.54494
1289	4.29976
956	3.46851
876	3.22498
886	3.85232
622	3.47843
550	3.46691
628	3.38536
809	4.3392
519	3.24562
968	3.28824
642	3.01044
943	3.14989
1040	3.11415
1381	3.08075
1097	3.24768
577	4.36256
900	3.85246
921	3.43413
778	3.59961
558	3.36606
693	3.73054
794	3.74379
850	3.26239
752	3.93872
1213	3.6849
523	3.32532
679	3.37723
908	3.70043
662	3.2483
858	3.42515
755	3.57887
742	3.45658
757	4.05277
504	3.20224
748	3.12809
549	4.43318
698	3.14479
1263	3.73322
830	3.40705
1386	3.17326
955	8.56628
3417	3.33115
619	3.47362
768	3.22143
1989	4.3491
1726	3.78683
983	3.87067
573	3.07725
2135	4.99358
586	5.45083
665	3.4679
1024	3.26809
1096	4.87944
1947	3.70247
558	8.12718
512	3.25442
1835	3.10986
1100	3.52326
896	3.84898
824	3.2742
824	3.6136
712	3.03839
1902	3.38948
533	4.11371
520	3.70256
544	3.21206
1120	3.21196
1019	3.06436
1047	3.01586
1271	3.01315
954	3.34508
1186	3.80391
528	3.37726
719	3.84444
1443	3.42598
1553	3.12886
804	3.79396
693	3.14291
606	3.69354
635	3.4846
558	4.28275
800	3.22873
1027	3.4408
1517	3.9375
564	3.37765
595	3.30181
607	5.02829
627	3.69405
1724	3.67775
529	3.55171
539	3.51971
599	3.48193
938	3.22782
1147	3.60539
598	3.40226
1056	3.25706
511	4.06461
1456	3.32888
1235	4.64202
1176	3.89903
1053	3.30587
695	3.17247
827	3.03934
841	4.07949
1770	3.76398
622	3.56566
1093	3.55882
597	3.17421
588	3.34756
652	3.18332
686	3.60892
672	3.54479
518	13.0546
683	13.8766
691	11.1914
4944	3.67415
736	3.58229
887	3.4994
581	3.04726
694	3.9658
661	3.5225
861	3.1158
529	4.00155
833	3.25885
502	3.79167
968	3.0321
710	3.11833
608	3.62316
1029	3.4563
546	3.14093
765	3.18415
803	3.29344
1210	3.05971
1059	3.89528
621	3.26374
857	3.07162
930	3.07102
1074	3.92362
651	3.21481
660	3.125
557	3.27697
519	3.0268
557	3.15958
518	3.14954
622	3.17941
1007	3.57702
812	6.0391
627	3.47409
1441	3.19198
1076	3.21569
777	3.45341
629	3.35179
1087	3.11328
1027	3.15529
779	3.74687
1039	3.31623
880	3.57391
622	3.18062
680	3.34608
1557	3.51455
623	3.44963
518	3.13117
1037	3.53038
568	3.14997
511	3.59811
1326	3.10738
627	3.34029
1267	3.40201
1020	3.06193
921	3.64093
511	5.36339
816	3.37952
810	3.29101
880	3.05212
638	4.03566
998	3.54184
727	3.64994
1285	3.88607
1569	3.33097
535	3.84247
551	3.91082
696	3.6856
860	3.51793
1278	3.40981
900	3.91477
633	3.94596
537	3.3348
781	3.23659
1177	3.62675
838	3.45325
880	3.87767
824	3.19405
1140	3.44838
743	3.01692
707	3.28131
521	3.39361
1196	4.08515
919	3.4732
602	3.54418
671	3.21122
515	3.48504
1023	4.25095
605	3.69188
703	3.46149
597	4.08134
821	3.13406
838	3.36356
504	3.22748
1162	4.32204
1055	3.65111
938	3.14024
615	3.82108
1233	3.50384
587	3.63673
526	3.34582
709	3.59642
1010	3.83989
1005	4.15422
699	3.60647
690	3.13563
1031	3.6325
554	3.50113
966	3.19047
611	3.08407
1354	3.13808
628	3.44255
1048	3.76377
567	3.04824
665	3.69854
611	3.01868
645	3.29673
686	3.21547
883	3.36403
898	3.13309
522	3.17687
772	3.64242
943	3.08414
506	3.38844
633	3.3555
554	3.19622
900	3.12666
1035	9.28398
864	3.505
524	3.64162
993	3.89418
607	3.58552
513	3.69274
993	3.3688
895	3.18223
1461	5.30042
915	3.20134
538	4.58691
580	3.87538
624	3.50733
1216	3.44152
595	3.59547
745	3.49673
620	3.38056
501	3.49308
908	3.41573
602	4.70905
868	8.17737
1133	3.56947
881	3.12485
535	4.13778
544	4.26619
689	3.59166
1305	4.18644
826	3.73837
551	3.32156
719	3.60003
520	3.82054
907	3.95093
560	3.33652
675	3.25744
658	3.39567
587	3.64848
575	3.88496
1028	3.49497
519	3.10544
556	4.91798
602	3.60906
756	4.26928
790	3.69494
931	3.35044
1408	4.05204
2696	4.62221
630	3.62214
1048	4.05068
847	3.32904
848	3.56015
2110	4.63408
911	3.65615
1087	3.67272
559	3.18263
1434	4.95547
620	3.00005
836	3.21067
1061	3.2796
824	4.82361
655	3.19258
682	3.31084
906	3.05792
1039	3.76669
947	3.7826
700	3.51077
890	3.16698
1298	4.44997
575	3.37914
505	3.12478
506	4.27256
933	3.36674
505	3.37078
972	3.60122
674	3.58065
939	3.76121
924	3.82936
1166	3.71056
924	3.91889
534	3.77192
985	3.27904
502	3.91338
556	3.28066
615	3.15368
884	3.11916
791	3.71368
1266	3.25095
958	3.7763
845	3.61554
588	4.47429
1076	3.97211
618	3.81568
808	3.66565
522	5.32519
967	3.14925
854	3.2585
769	3.36636
1055	3.28925
1269	4.30713
617	3.10862
863	3.32352
617	3.17467
526	3.66565
593	7.48326
1086	4.3451
1250	6.33155
519	7.61814
1523	8.1094
1319	6.1114
556	4.13375
1253	4.63516
681	3.7378
1552	4.74219
1262	8.44015
1371	5.67778
1052	6.48944
1030	3.67751
2377	4.87529
1053	4.67574
1118	7.79715
1060	6.48179
817	6.65488
767	8.52932
1432	4.17693
1093	4.63138
2274	7.53805
863	6.12567
761	5.15371
689	4.78963
598	3.98968
1183	3.87925
1189	4.81246
739	4.89701
570	6.19294
942	6.11516
1075	3.97457
727	6.14658
2376	4.91848
1230	4.16057
1227	6.05312
1081	3.30256
898	5.70459
693	9.1005
915	4.03688
1368	4.65699
1183	3.5222
987	5.10909
796	7.15627
1259	4.70114
519	8.30322
1359	5.36295
501	4.41894
905	7.27224
602	7.38047
687	3.64221
1938	8.90714
1695	5.3401
899	4.92558
896	7.93878
709	4.66345
989	3.50598
2136	4.97539
1233	6.99845
2098	3.16659
2128	3.89697
619	3.34797
1303	3.70033
699	3.60188
1527	3.52501
1092	3.63207
1275	5.65759
518	7.22491
866	7.25536
1001	3.43971
583	6.67704
525	3.07598
691	6.74807
1707	3.7452
891	5.45951
1086	3.72559
1303	6.70803
1216	3.96188
2252	3.71728
1006	3.60072
1047	4.07858
720	3.399
1011	3.32164
780	3.46314
688	4.03976
1015	3.40625
1091	3.8288
722	3.02574
1224	3.42207
1041	3.23446
1734	3.08155
1003	3.34749
578	3.94509
582	4.0604
1041	3.50841
519	4.65855
508	3.61884
750	4.17443
943	3.54416
1046	3.42074
1019	3.42072
596	3.59319
521	4.08955
525	3.835
614	3.2529
547	3.64634
592	3.18758
530	3.62665
877	3.23789
821	3.87691
1577	3.45912
1001	3.35025
808	3.02807
849	3.24499
1536	3.00959
504	3.95907
1028	3.308
645	3.48545
686	3.17581
798	3.42991
893	3.27688
841	3.32868
1256	3.07907
1338	3.02352
1232	3.32101
1192	3.14022
1363	3.30982
1514	3.61522
587	3.57975
997	3.23318
552	3.29773
1129	3.37648
559	3.02864
504	3.61459
510	4.59351
814	3.62261
1221	4.63556
629	4.47396
544	3.50849
725	4.49017
1112	3.15314
524	3.57278
557	4.53207
870	3.39566
1034	3.05849
522	3.43128
886	3.19029
966	3.52961
796	3.63713
796	3.68812
916	3.53583
1010	3.63223
1058	3.97529
895	3.56354
1670	3.47093
708	3.34094
678	4.22512
685	4.18086
928	3.87288
914	4.78518
1057	3.32448
699	3.56252
648	4.50388
974	3.16887
671	3.17164
1291	3.72656
1293	3.2607
617	4.96982
629	3.6213
525	3.94377
799	3.53381
552	3.62569
512	3.39328
741	3.51999
978	3.4133
682	3.73147
810	3.86939
518	3.66565
617	3.54004
545	3.4003
590	3.46235
559	3.95873
1202	3.86872
1070	3.50769
552	4.46895
987	4.4221
633	3.30393
557	3.9319
1459	3.40428
757	4.58455
502	3.4319
940	3.83463
935	3.81658
615	3.66967
787	3.45867
543	3.8146
1086	4.28574
1145	3.45941
595	3.66565
685	3.71424
516	4.59611
586	3.28094
657	3.2729
1082	4.09873
1020	3.53703
1007	3.60523
578	3.56992
1227	3.6873
680	3.66506
789	3.00378
1007	3.65772
812	3.4691
534	3.47929
947	3.42956
967	3.41182
800	3.85512
827	3.50377
515	3.98752
889	3.95655
1033	3.20999
891	3.68422
1053	3.48914
1121	3.98037
552	4.38378
683	3.44672
943	9.54733
574	3.25117
762	3.25696
724	3.56804
582	3.77882
540	3.04293
580	3.54739
579	3.5983
716	3.03375
978	4.96512
647	4.11742
561	3.98911
1218	4.05553
809	3.47295
749	3.50128
1070	3.33377
517	3.73681
564	3.47932
884	3.09821
885	3.29299
569	3.17428
664	3.57484
640	4.00521
1088	4.15914
528	4.05832
675	3.45415
607	3.42122
515	3.16969
789	3.88865
510	3.57893
1071	3.60903
897	3.05149
930	3.48986
740	3.22869
598	3.05757
3070	3.25303
696	3.82907
883	3.00737
975	3.15976
591	3.25983
1686	3.22955
1056	4.68699
736	3.50562
634	3.02495
555	3.48859
602	3.79276
725	4.14396
749	4.10726
657	4.06552
540	3.00008
759	4.47311
941	3.14901
1053	3.63422
972	3.61435
541	3.65263
831	3.29257
504	3.48256
560	4.76961
502	3.5426
509	3.54727
503	4.28339
614	3.48517
1223	3.88829
858	3.53892
787	3.5364
754	3.87361
983	3.11534
841	3.3815
522	3.73401
933	3.07182
520	3.54245
904	3.56291
501	3.24884
755	3.36146
558	3.60843
919	3.64436
701	3.47253
940	3.65029
529	3.83077
519	3.82825
806	3.5154
765	3.66565
592	3.87813
1643	3.42818
1232	3.42804
576	3.59045
888	4.57672
1034	3.66166
797	3.35832
533	3.26365
1286	3.37243
629	3.25184
772	3.45833
865	3.41179
671	3.1089
938	3.99554
731	3.52487
531	3.82023
1196	4.0421
508	4.68025
692	4.29398
938	3.64375
625	4.45621
537	4.46156
1073	4.02791
583	4.27994
814	3.62125
1168	3.53746
529	4.30629
961	3.5787
708	3.78334
586	3.92052
613	3.70601
1094	3.82498
703	3.77823
714	3.66565
1330	4.38051
941	3.61864
917	3.35508
523	4.39099
599	4.07703
603	3.8022
516	3.66565
946	4.36667
763	3.75971
1074	3.37121
585	3.3513
1238	3.61353
1384	3.33454
623	3.76802
580	3.79725
859	3.39348
552	4.61232
1051	3.02043
555	4.22384
943	3.68303
1392	3.87339
712	3.62729
937	3.66565
648	3.3619
508	3.81659
953	3.44937
565	3.68542
529	3.50161
550	3.78679
729	4.00875
831	3.90061
1000	3.54537
1059	3.63017
502	3.76453
665	3.9438
549	4.08489
858	3.0917
621	4.5911
1320	3.9792
677	3.70943
984	3.52212
779	3.4855
1087	3.53631
1007	3.69274
822	3.51651
900	3.34146
559	3.6416
539	3.49739
523	4.49636
582	3.7558
1571	3.8334
922	3.77114
583	3.62471
772	3.50036
1053	4.4349
1342	3.78741
1225	3.07313
789	4.48658
794	3.27453
1008	3.66944
759	3.57506
625	4.23887
1725	3.11842
516	3.20867
573	3.33602
815	4.19368
792	3.58451
1290	3.69632
888	3.732
535	3.76947
989	3.32392
696	3.24153
1208	3.45154
708	3.60239
1132	3.59865
584	4.50655
569	4.1752
778	3.27445
540	3.49088
565	4.94201
728	3.72285
942	3.87268
661	3.44717
1151	3.64445
642	3.62276
714	3.88178
1149	3.56226
610	4.2833
782	3.56202
859	3.99514
882	3.85563
520	3.75093
1150	3.69924
1290	4.85656
952	4.18253
520	3.81217
557	3.73095
677	3.19939
827	3.27913
633	3.80036
1308	3.30436
966	3.77212
845	3.00572
574	3.28433
828	3.05101
1109	3.26432
962	3.98219
639	3.40428
915	4.5974
1122	3.50255
773	3.57131
832	3.46585
1072	3.65278
778	3.30638
609	3.32483
509	3.6189
531	3.85409
832	3.06326
1406	3.32809
542	3.92477
511	3.86779
1110	3.58812
1064	5.08069
999	4.07529
1096	3.53029
550	3.48445
877	4.66671
591	4.59208
629	3.60316
500	3.02348
1199	3.18662
820	3.67452
1076	3.5672
1516	3.07522
526	3.83844
589	3.33881
577	3.30263
730	3.12724
892	3.92519
697	3.60042
1394	3.09705
1160	3.53456
570	3.90252
724	3.89185
527	3.37775
1439	5.11225
683	3.04931
1056	5.20813
1630	4.04319
600	3.88237
794	3.11088
565	4.12672
989	3.64299
583	3.22708
1360	3.28089
808	3.77276
1244	3.10852
1357	3.18451
678	3.15598
903	4.64494
527	4.76216
570	4.01399
689	3.97812
548	3.52153
1724	3.04719
1395	3.65471
750	3.23994
951	3.88667
1015	3.32152
998	3.60287
610	3.14679
963	3.26329
1051	6.26645
933	3.70236
580	3.12516
1234	4.29024
1292	5.03518
752	3.66565
1214	4.25839
618	3.59118
767	3.5104
526	3.86027
556	4.36882
511	3.61576
677	4.07098
661	3.56464
950	3.72706
1087	3.96347
1160	3.33178
650	3.51553
1006	3.38714
1508	3.3332
616	3.37132
802	3.53918
510	3.53611
518	4.08568
853	3.78625
1006	4.1921
758	3.79211
1129	3.48428
1417	4.02548
1312	3.22846
501	3.15149
1013	3.53356
581	3.48224
1214	3.33331
965	3.32639
576	3.1516
505	4.4128
1546	3.45359
1026	5.24555
3230	5.23937
1858	4.82614
1355	5.48829
1022	4.14267
791	3.60995
656	3.38069
766	6.24962
744	3.90849
638	3.86906
836	3.11891
729	3.9712
1113	3.78946
1111	3.99071
573	3.21235
605	3.81603
1071	3.21118
536	3.458
1144	3.52506
503	3.36375
980	4.23818
736	3.35196
555	3.41012
1085	3.70296
1545	3.15593
613	3.56234
583	3.57186
574	3.36844
809	3.04887
632	3.9023
888	3.24217
674	4.39414
597	3.66565
718	3.40427
775	3.33922
1096	3.7082
742	3.22291
987	3.46748
1707	3.766
864	4.22316
866	3.28308
831	3.4335
840	3.78438
689	3.11953
572	3.45924
1120	4.0415
1053	3.60943
533	3.91366
526	3.37644
514	3.0581
629	3.1738
1287	3.52718
583	3.59135
809	3.21733
671	3.73696
661	3.11648
1051	3.76935
1032	3.469
901	6.22276
649	12.3806
621	3.81518
530	3.40693
658	3.92291
537	3.72449
551	3.17102
811	3.59718
501	3.55043
808	3.8048
577	4.04953
612	3.64953
530	3.33242
1108	4.83533
553	3.60471
904	3.54982
656	3.75361
531	3.88177
1080	3.42063
1259	3.30644
515	3.44475
1025	3.7237
1016	3.06824
688	3.83786
826	4.38565
661	3.34976
552	4.12235
1058	3.37255
670	3.35697
514	4.21048
656	3.63089
545	3.66565
1078	3.85763
768	3.93105
663	4.33437
847	3.57525
872	3.8465
847	3.54051
933	3.44392
680	3.17096
606	3.34952
555	3.74745
891	3.47672
626	3.55684
697	3.56956
1075	3.8973
1159	3.29497
686	3.68025
591	3.84748
764	3.49568
674	4.59086
711	4.12307
738	4.25542
1057	3.26976
830	3.41553
1039	3.5052
911	3.67531
588	3.46651
508	3.66565
541	3.91054
695	3.07695
853	3.27459
990	3.80336
922	4.45138
927	3.56938
1500	3.28929
1083	3.82852
739	3.67211
1567	3.26706
516	3.77336
630	3.70794
1712	3.64799
907	3.23727
916	3.61838
835	3.89806
741	3.57713
1159	3.48228
798	3.66565
1122	3.48695
745	3.30927
663	4.79389
694	3.54192
724	3.55374
562	3.09225
818	3.38155
753	3.34644
548	3.49713
887	3.52956
846	3.11795
560	3.24447
599	3.4919
919	3.32374
539	3.10947
885	3.331
780	3.70459
881	3.37969
1386	3.0892
1070	3.08691
632	4.1277
1437	3.4881
819	3.17941
912	3.48951
732	3.59028
787	3.95816
883	4.10996
765	3.43086
852	3.30542
547	4.07158
510	3.42389
536	3.94736
769	4.10342
533	5.92711
600	3.91009
783	3.21545
600	3.95528
1187	3.38162
623	4.38183
991	3.4162
791	3.14347
671	4.0447
1082	3.29894
854	3.17809
1145	3.10629
710	4.7628
631	3.01847
529	3.24025
988	3.20544
537	3.68385
518	4.25832
794	3.68597
710	4.96802
739	3.24046
546	3.78042
1417	3.51535
2267	3.30861
608	6.10124
1218	3.28095
600	3.19365
1116	3.43802
797	3.4625
2029	3.78313
571	5.77121
3129	3.30933
700	3.11784
950	3.09263
1211	3.19746
1246	3.69152
1238	4.48014
868	3.22172
1979	3.79316
1390	8.39426
563	7.46131
826	3.35739
586	4.35545
969	3.69338
1078	3.07802
911	3.9665
565	3.28381
1182	3.69241
559	3.07549
554	3.64303
642	3.39507
2204	3.21115
1797	3.0827
1189	3.14107
941	4.13176
788	3.6314
828	3.58404
759	3.21463
600	3.52562
570	3.81273
839	3.66322
582	3.58493
1318	3.8692
827	3.86809
1108	3.77984
1031	4.05061
719	3.67037
1308	3.5044
876	3.42128
552	3.25278
914	3.03773
660	3.5509
547	4.2132
690	3.70669
505	3.75936
709	3.59188
710	3.76852
726	3.24651
744	4.07286
954	3.30974
993	4.30265
995	3.94919
2083	3.33409
1271	5.01655
892	3.48399
706	3.72918
716	3.43699
723	3.37331
646	3.01685
651	4.62891
1344	3.15727
1038	3.18494
742	3.81857
528	4.10397
1481	3.13379
700	3.37314
1204	3.66227
781	3.07994
1109	3.09472
742	3.01449
695	3.30254
1255	3.50761
1034	3.00475
648	3.09457
856	3.48944
915	3.19103
1571	3.87798
674	3.07054
577	3.89136
904	4.11211
563	3.4098
1035	3.63278
1006	3.52787
1176	3.10951
958	3.6636
743	3.38533
1035	3.64161
513	3.47736
772	3.54084
953	7.48987
1208	4.92572
501	3.27335
602	3.04927
615	3.60045
644	4.24547
531	4.28733
504	4.28288
585	3.67423
1021	3.4626
541	3.8424
631	3.54642
901	3.05838
1247	3.44046
853	3.48403
714	3.63743
933	4.08476
532	3.66565
976	3.76261
997	3.81661
938	3.71035
671	4.88143
500	3.38286
1072	3.65811
650	4.03558
519	3.9391
516	3.37252
635	3.99583
767	3.98191
986	3.94136
694	3.86873
593	3.54682
520	3.44981
1006	3.76141
2296	4.43226
945	5.07846
957	3.58676
1031	3.45583
1578	5.06668
892	3.46408
854	3.66565
808	3.49555
1629	4.07028
690	4.68494
739	4.63284
867	4.98792
1738	6.22437
1660	6.90885
512	3.03533
664	3.64538
823	3.32329
666	3.15645
755	6.17345
670	3.12264
513	3.74444
867	3.36387
951	3.68828
511	3.84226
702	3.73056
636	4.09504
656	3.88549
1098	3.7406
535	4.08119
632	3.40898
514	3.731
672	3.50796
570	3.80849
538	3.26372
978	3.51208
533	3.53694
588	3.56876
727	3.65812
564	3.35882
813	3.41826
600	3.45012
741	3.31071
806	3.75146
525	3.66565
632	3.66565
900	3.11475
520	3.96671
539	3.82646
708	3.47855
639	3.64369
659	3.87697
990	3.74564
656	4.61966
692	3.34476
863	3.69854
1220	3.84456
733	3.8293
561	3.38538
1296	3.0956
902	3.642
809	3.66219
748	3.71361
606	4.20082
806	3.73926
680	4.25826
621	4.01469
629	3.45093
521	8.24591
1416	3.79923
1279	5.68245
518	7.10381
1030	5.24725
600	5.45176
658	3.51553
530	9.43041
1314	5.91695
556	4.30128
634	4.28105
1252	3.98026
1187	4.07937
875	4.73456
1222	3.75537
1052	4.11967
504	5.69037
1041	5.80227
1104	7.09744
1161	6.83134
1062	4.32116
1174	6.50468
870	5.66577
1127	7.3095
1092	6.66104
682	3.8613
823	6.39648
1276	3.74321
1067	4.66184
1266	5.45915
675	3.4902
1067	5.10166
1060	5.25061
1021	4.17485
689	5.77796
1264	4.78728
1208	4.37871
558	4.33489
1077	4.1813
2266	5.09218
1267	4.4471
891	3.49196
679	4.58487
951	5.68187
688	9.70235
1368	5.26759
1192	5.39976
965	4.64036
1311	4.80771
503	7.52726
1366	5.50095
545	5.13841
602	7.06452
638	3.98627
788	6.81854
996	4.59261
1670	5.79205
959	5.51548
873	8.04117
1206	4.24765
690	4.66199
1329	3.86109
1039	5.77431
1228	6.73877
1146	3.84262
859	5.01221
1296	4.90068
1253	6.01613
1299	5.73429
794	4.31338
504	7.10011
510	5.37988
876	3.72378
608	7.14163
951	5.68698
795	3.80549
2146	6.5662
614	5.17303
1706	3.95912
1027	4.0868
906	5.3007
3067	3.80812
1314	4.1327
2160	3.96129
1897	4.23741
645	4.59544
782	6.02943
518	5.02228
4092	4.36211
1179	3.38197
1012	4.33579
1275	4.48328
559	3.54334
676	3.53022
564	3.29418
702	3.51904
589	3.87988
846	3.79956
503	3.44522
585	3.64623
525	3.5112
1195	3.68162
507	3.93377
540	5.11019
808	5.01066
984	3.26545
562	3.65645
707	3.52719
1212	3.39814
814	3.44134
706	4.35232
1120	3.52809
1017	3.56943
906	4.13841
713	4.79698
1119	3.88627
1025	5.08651
925	4.78347
725	3.29254
517	3.12513
1012	4.92168
949	4.46841
1069	3.54473
743	3.85544
697	3.88821
726	3.33704
801	3.35529
819	3.24013
575	3.23187
1040	3.35447
825	3.2429
994	3.6902
622	4.00961
1044	4.50574
976	4.10804
580	3.50859
855	3.9979
543	3.94011
825	3.62707
564	3.66565
759	4.13798
1013	3.40639
645	3.87741
564	3.91202
618	3.70819
695	3.87975
624	4.79189
538	3.68356
794	3.58227
740	3.22078
504	4.51467
782	4.07432
610	3.72103
1059	3.66114
625	3.66481
628	3.65537
623	3.70168
569	3.97538
1031	3.70537
979	3.66565
533	3.19272
936	3.76447
1077	3.54477
700	3.31536
592	4.26867
728	3.65072
510	3.90398
1685	3.36422
672	4.13451
948	3.67127
508	3.66438
754	3.45784
545	3.38514
697	3.61099
703	3.31219
1055	3.55776
650	3.51797
557	3.68143
905	3.67041
719	3.30263
583	3.32571
916	3.55152
1069	3.92516
774	3.81227
705	3.45438
736	3.29471
537	3.75591
859	3.22522
1546	3.82459
975	3.13541
565	3.48374
613	3.63688
512	3.50566
782	3.07313
978	3.21093
1108	3.60952
1327	3.57034
636	3.53824
1055	3.64924
649	3.71897
739	3.38533
868	3.73931
535	3.66565
603	3.8096
1037	4.34056
506	4.94238
636	3.88849
952	3.80557
637	3.6966
707	3.02843
523	3.1007
557	3.02128
1016	3.40749
736	3.32562
716	3.01951
504	3.81904
679	3.47231
662	3.42766
571	3.35826
563	3.2262
1114	3.00764
649	3.8196
975	3.18509
540	4.0023
841	3.45293
903	3.30478
570	3.2961
965	3.35852
626	3.58247
1410	3.90409
800	3.71267
931	3.30264
831	3.54541
1097	3.68446
1018	5.55549
774	3.84218
617	3.18454
809	4.34032
835	5.97862
1118	4.1723
731	3.44982
779	3.20004
1255	3.56298
815	3.4473
541	5.77637
869	3.63098
889	4.19697
564	3.54769
550	3.5569
768	4.3536
512	3.43683
1255	3.81466
559	3.47523
601	4.14962
1001	3.22251
728	3.44046
1202	3.80185
573	3.75847
640	3.65341
1066	3.38023
922	3.89648
963	3.74183
741	3.65347
1034	3.4903
857	3.41476
549	4.23378
603	4.97894
1179	3.29817
641	3.66565
880	3.44657
846	3.72307
513	3.13686
1004	3.40684
646	3.31503
695	3.16759
1015	3.03854
627	4.41748
1033	3.20481
843	3.26894
597	3.18518
521	3.11273
686	3.64677
883	3.02169
693	3.68325
536	3.96885
819	3.64307
504	3.37956
589	3.19066
1499	3.50011
518	3.3208
1063	3.12208
1059	3.61913
1491	3.37318
747	4.29291
939	3.05774
620	3.73128
774	3.10349
919	3.31642
819	4.13065
824	3.6628
1107	3.87362
745	3.6366
925	3.65332
670	3.95027
1186	3.7864
601	3.97219
725	4.00803
1058	3.34682
578	3.96192
940	3.66565
524	3.66565
1154	4.48611
922	3.79955
502	4.41082
536	4.26347
817	3.8037
1593	3.91127
1078	5.65719
1364	4.3666
726	7.23746
1052	4.63678
671	4.58461
1151	4.1406
537	3.4972
852	3.78945
557	3.56578
976	4.66056
609	3.96338
557	3.3659
625	3.77252
823	3.8249
900	3.75675
1105	3.22673
579	3.59262
856	4.02583
557	3.56812
523	3.22126
894	3.60785
1171	3.94747
582	3.4272
863	3.45095
714	3.76087
556	5.33635
753	4.12319
954	3.93751
795	3.44927
793	3.32901
510	3.32644
535	3.36286
1456	3.24705
581	3.32039
554	3.23472
994	3.90249
1454	3.01249
814	3.93833
509	3.62478
535	4.26935
893	3.42773
671	4.35541
702	3.93781
768	4.09802
667	4.16426
629	4.33137
901	3.66565
685	3.32
514	3.61215
729	3.80834
1302	3.86089
652	4.04821
853	3.80469
1133	3.58497
954	3.78768
646	4.2982
540	4.18232
933	3.53597
809	3.45463
585	3.98581
671	3.6103
665	3.08321
887	3.99712
918	4.32396
818	3.86462
572	3.74052
512	4.70897
738	4.04238
556	4.07917
524	3.64994
591	4.49677
948	3.4514
511	7.74905
736	3.25888
776	3.62555
602	3.59666
573	3.71772
957	3.45119
681	3.52323
1092	3.36674
1119	3.39248
1125	3.8444
693	3.41003
1625	3.24367
845	4.29896
662	3.48219
1129	3.56633
725	3.26616
636	4.14733
540	3.67032
857	3.36826
1118	4.82015
1551	3.17085
920	4.57491
591	3.99972
708	4.99968
1017	3.3806
1074	3.78224
2222	3.53412
608	3.86241
943	6.57238
1190	4.40714
727	4.26612
1104	3.11361
1193	3.03369
708	4.03149
786	3.57796
874	3.92701
500	3.91679
538	3.98955
885	3.66565
1173	4.39395
502	3.43083
989	3.52348
622	4.06221
518	3.78444
851	3.6353
521	4.29001
892	3.51341
651	3.75732
552	3.62158
1173	3.54589
583	3.09297
933	3.61984
601	3.38565
553	4.03442
888	3.13756
557	3.48612
573	3.3755
673	3.10385
901	4.21248
881	3.58536
653	3.57773
508	3.35673
686	3.56383
938	3.87682
961	3.4964
1128	3.65396
727	3.53143
850	3.1534
795	4.43252
883	3.34913
505	3.40801
652	3.78922
1053	3.53265
870	3.61721
526	3.09811
907	3.23796
957	4.03756
896	3.53617
679	3.84948
517	3.7186
544	3.86928
612	3.32896
993	3.48679
743	3.69089
959	3.00582
1191	3.02072
1541	3.57157
908	3.77113
871	3.40815
1120	3.03143
1284	3.44197
3960	3.37027
525	8.86625
1254	4.72234
911	3.57615
879	4.6268
530	3.02365
639	3.44515
731	3.85285
555	5.12242
825	4.10675
784	3.31614
598	3.92212
1023	4.10202
521	3.43224
619	3.58836
1016	3.71375
876	3.61466
1007	3.42185
839	4.04639
1142	3.11216
550	3.09389
678	3.41509
625	3.05338
907	3.15488
1285	3.10306
782	4.19979
858	3.68992
825	3.34607
1341	3.01058
539	3.60109
636	3.22419
540	3.91964
863	3.16893
684	3.46647
970	3.16062
814	3.15772
657	4.30298
975	3.16739
647	3.63101
673	3.92801
562	3.91773
759	3.31682
537	3.65865
536	3.91437
1003	3.94056
901	3.48324
837	3.65822
544	3.32348
797	3.63934
1080	3.75744
670	3.35759
508	3.4234
1057	3.60482
701	3.06483
712	4.08808
638	3.66709
581	3.36866
614	3.18484
582	3.68255
696	3.3319
644	3.65586
554	3.68528
732	3.62264
584	3.51086
503	3.80472
821	3.86126
647	3.85086
674	4.02387
915	3.51192
579	3.41539
1224	3.66565
1220	3.60059
965	3.76712
792	4.86653
975	3.66565
743	3.69861
623	3.35993
731	3.61493
619	4.04169
1109	3.59385
670	4.72926
953	3.96016
868	3.75929
808	4.04617
560	3.56009
1139	4.1397
1145	3.71829
903	3.62256
705	3.58727
564	3.53241
983	4.32653
666	3.49443
766	3.8988
535	3.65493
598	4.35711
658	3.72847
1256	3.57275
722	4.50274
804	3.51895
1138	3.33539
535	3.11491
697	3.07178
545	3.47035
706	3.65341
576	3.32814
519	3.44512
677	3.47462
973	3.1703
599	3.62112
798	3.38727
1004	3.17916
643	3.35998
507	3.25776
684	4.48536
742	3.82148
681	3.7106
1140	3.44093
839	3.26635
553	3.66565
605	3.65766
852	4.67568
878	3.08148
748	4.04961
514	3.36055
776	3.92434
866	3.21892
649	3.88326
1058	3.21876
707	3.18506
593	3.41579
948	3.15512
597	3.68823
863	3.02845
843	3.34961
673	3.59395
552	3.75328
636	4.26884
604	4.09572
628	3.15335
890	3.89464
611	3.20155
574	3.08306
554	3.76966
688	3.2164
659	3.3845
618	3.29946
1050	4.18135
778	3.52982
769	3.34468
1117	3.34952
523	3.47415
869	3.15415
672	3.44738
712	3.70821
657	3.66466
1091	3.70625
889	3.16568
804	3.59618
530	3.2242
755	3.05596
957	3.0616
629	3.17015
892	3.30234
536	4.10757
569	3.40934
567	3.66012
504	3.27496
619	3.83527
882	3.1317
1159	3.31539
966	3.49935
1102	3.67625
699	3.43228
562	3.15807
1685	3.23652
1111	3.0667
984	3.11397
705	3.07063
779	3.38646
530	3.04632
819	3.23691
1577	4.19332
1423	3.11777
630	3.65259
697	5.57037
580	3.27556
509	3.43824
553	3.55646
527	5.24245
692	5.62977
613	3.11431
1009	5.06695
619	4.10287
989	3.47966
663	3.69304
575	3.60675
1083	3.76927
1493	3.83522
522	3.63029
593	3.55838
759	3.48366
1550	3.69787
508	4.23735
515	4.27439
509	4.72187
1192	3.77346
1220	3.3142
631	3.73379
708	4.0539
1840	3.28004
1258	3.16242
2298	3.20984
929	3.69558
1206	4.99377
899	3.44586
866	3.17579
1380	4.53249
517	4.18216
971	4.0183
511	4.49627
1876	3.78435
975	3.44202
641	3.46374
1148	3.53672
548	3.72028
1250	4.10253
617	3.67967
1224	4.25443
858	3.66397
834	3.4935
652	3.58346
1225	3.02771
557	3.4269
631	4.58084
745	3.61908
595	3.61735
745	3.32068
539	4.14004
538	3.72967
520	4.10794
649	3.54834
645	3.96152
566	4.07581
862	4.32185
544	4.00344
628	3.89404
606	3.98525
1011	4.66858
535	4.02023
913	3.28225
805	3.3461
522	3.37165
982	3.03662
880	3.19369
1144	4.90685
560	3.37244
523	3.8285
1140	3.42205
831	3.55394
776	3.4209
797	3.69598
548	3.81809
879	3.71097
819	3.77428
1171	3.5044
1090	3.6507
588	3.87308
1018	3.67685
692	3.69728
960	3.29308
1145	3.49563
964	3.32048
1248	3.49219
1246	3.71756
1122	3.63119
1078	4.06161
563	3.413
740	3.36833
530	3.16776
740	3.3526
589	3.425
671	3.05104
643	4.35819
632	3.82841
858	3.99445
910	4.19462
888	3.71004
1105	3.97257
985	3.52941
1512	3.51747
707	3.88109
692	4.34271
1310	3.51267
508	3.08631
807	3.59627
622	3.22399
512	3.38261
556	3.62762
1292	3.47386
514	4.21993
801	3.22214
1157	3.15746
1227	3.04822
767	3.43808
927	3.73547
573	3.78142
1083	3.72506
607	3.66565
672	3.71979
586	3.02573
561	3.46812
1260	3.38877
643	3.55527
836	3.57004
500	3.34847
501	3.7077
740	3.2908
734	3.55824
597	3.61042
763	3.05674
578	3.24756
1146	4.20089
537	3.66565
655	3.71311
1236	3.64677
538	3.27178
743	3.48105
509	3.22269
1333	3.60146
715	3.05444
924	3.36422
833	3.27688
689	3.33933
918	3.96893
630	3.71614
699	3.68324
658	3.49335
939	3.79017
896	3.75329
1153	3.41131
873	3.07779
1219	3.32383
608	3.68649
550	3.78832
1077	3.59531
1497	3.15252
987	3.36622
1264	3.40631
669	3.56536
697	3.98007
581	5.08604
652	4.02726
971	3.3955
665	3.22727
703	3.38652
513	4.78966
1037	3.7142
576	3.8087
643	3.65777
668	3.52748
677	3.41586
691	3.09508
564	4.04871
992	3.09515
507	4.04571
826	3.33959
723	3.7202
547	4.38631
506	3.41292
564	3.06156
924	3.51516
853	3.10774
822	3.28007
719	3.52389
691	4.59579
817	3.92343
633	3.83605
726	3.51317
998	3.73819
510	3.84459
537	3.10616
653	3.42542
662	3.02015
740	3.20164
1054	3.05241
1675	3.1121
1303	3.88855
501	3.46632
853	3.72551
997	3.5022
748	4.72718
1059	3.62744
605	4.16916
645	4.15916
767	3.04944
946	3.50233
936	3.39335
905	3.07134
895	3.2187
941	3.43327
1498	3.52417
570	4.18827
637	4.47623
804	3.9544
817	3.23167
710	3.39884
693	3.13857
1058	4.2618
512	3.62399
1208	4.91638
583	6.35456
945	4.1206
1128	3.32321
610	3.35537
1420	3.03849
2124	3.43649
1148	5.52199
723	4.27586
838	6.94219
881	3.34019
672	3.73171
540	4.2222
1068	3.59252
525	4.34613
835	3.49361
611	3.73927
933	3.61985
1088	3.60124
1050	3.99237
996	3.43812
928	3.42274
1012	3.90883
1191	4.12103
519	4.44436
869	3.46125
545	3.85275
996	3.30056
541	3.44183
556	3.01379
1440	3.19894
1120	3.13342
903	3.08359
950	3.26956
622	3.14086
902	4.17745
513	3.08128
1170	3.05012
1142	3.88214
1105	3.10604
657	4.04084
731	3.1382
586	3.74719
724	3.47447
579	3.68403
1069	4.19543
907	3.66565
945	3.73475
632	3.94039
1069	6.43538
724	4.03409
563	3.95812
537	3.426
1228	4.26062
803	4.26999
1451	3.19773
544	3.34822
1413	3.39872
520	4.52556
754	3.57914
1682	3.34956
533	4.00955
678	3.19044
537	3.19704
676	3.09645
1060	3.67595
1024	3.33019
909	3.27834
1049	5.36939
1007	3.76177
572	3.29763
969	3.59831
958	3.65899
643	4.33787
870	3.5834
565	3.80627
1432	3.40534
1022	5.7406
602	3.13021
651	3.82514
888	4.17605
580	3.34669
519	3.85757
636	3.49503
595	3.41833
1158	3.94797
504	3.67849
822	3.38151
710	3.47535
579	3.45315
1000	3.68575
630	3.31997
514	3.75229
917	3.70055
636	3.61209
508	3.72354
781	3.37863
661	3.32951
574	4.31497
684	3.01272
807	3.81159
714	3.47322
874	3.56759
1155	3.44037
616	3.37634
1000	3.03723
689	4.31606
556	3.73945
506	3.36821
1010	3.39457
1033	3.50444
616	3.47886
1065	3.44489
545	3.13866
560	4.05519
924	3.93634
930	3.69352
947	3.3333
1364	3.38655
947	3.66565
509	4.49065
867	3.76248
710	3.40119
507	3.59506
509	3.88478
755	3.86418
769	3.63905
694	3.51
1186	3.14677
769	3.38881
604	3.18099
698	4.42354
714	3.67911
875	4.10488
509	3.57884
886	3.73539
1009	3.09636
631	3.82514
623	3.63626
1158	3.47215
1127	3.70129
746	3.90999
982	3.51237
1171	3.83682
1134	3.10153
1206	3.30456
1025	3.40512
815	3.42722
580	3.01925
541	4.81907
957	3.59895
963	3.7202
1054	3.13213
647	3.78704
607	3.30242
1301	3.30117
672	3.67286
966	3.15398
555	4.16381
559	3.16571
539	3.51825
702	3.4848
638	3.66096
721	3.46986
638	6.09539
549	3.13613
1949	3.66933
594	4.01418
2486	3.68006
733	3.68313
1658	3.91947
546	4.08167
545	6.89813
502	3.34077
556	3.51989
639	4.04049
890	3.29838
567	3.13231
751	3.54093
511	3.83387
723	3.23084
807	3.53683
796	3.43275
1020	3.28919
1524	3.39564
696	3.99159
790	3.62165
756	3.56635
879	3.49975
971	3.33234
584	3.69605
540	3.07071
522	3.41944
876	3.35563
1181	3.41867
1358	4.12515
1113	3.08253
712	3.26612
521	3.65679
1066	3.5287
941	3.58895
855	3.30503
1042	3.73355
515	3.66565
556	4.10244
633	3.18631
1997	6.06531
653	3.75326
792	3.21211
766	3.8399
537	3.35814
579	3.42723
646	4.33902
982	3.69358
664	3.78007
643	3.65559
1166	3.81237
704	4.90961
836	3.54256
591	4.5281
723	3.36515
814	3.58508
1359	3.9477
664	3.66838
796	3.47689
1043	3.39241
586	3.51416
717	3.11942
823	3.42664
1145	3.48713
1113	3.13292
665	4.07894
883	3.5688
647	3.55156
875	3.64765
759	3.46447
667	3.66018
504	3.17468
633	3.68817
515	3.22064
508	3.29114
921	3.36686
943	3.53612
899	7.41479
653	6.9483
1214	7.59912
1156	4.19019
829	4.91363
535	3.76654
892	3.67292
