550	3.45139
540	3.46158
677	5.5782
632	3.84985
501	4.94618
532	3.49723
1311	4.30054
589	3.92781
887	4.51941
1384	4.26346
1340	4.05072
1384	4.03019
999	3.84734
520	3.33927
965	3.44699
580	3.42273
816	3.48757
534	3.70931
1259	3.6108
627	4.67099
598	3.73708
780	3.76381
507	4.8558
660	3.63431
564	3.62315
769	3.43833
861	3.4147
855	4.40473
1201	3.73116
894	3.63523
552	3.64473
897	3.79043
507	3.67872
674	3.18943
720	3.70251
647	3.60527
768	3.81341
604	3.39866
748	3.30477
1162	3.57282
844	3.73678
958	3.31455
737	3.60305
1014	3.45744
792	3.76741
606	4.14989
819	3.73438
932	3.13783
963	3.06902
826	3.3447
617	3.56236
658	3.66562
509	3.75087
502	3.27541
1192	3.71526
1042	4.04712
875	3.51139
552	4.23878
965	3.3331
975	3.46297
624	4.0627
845	3.70856
970	3.49442
511	4.026
1253	3.55292
1030	3.72261
649	3.81234
720	3.93922
1394	3.68733
666	4.12457
519	5.38312
688	3.57917
670	3.61517
948	4.11012
900	3.42443
517	3.871
915	3.99722
930	4.32152
865	3.75596
622	5.32304
821	3.84119
592	3.36053
636	3.72514
776	4.10388
1543	3.68302
891	3.61688
516	3.72531
660	4.38414
517	4.01378
614	4.52798
568	4.58643
549	3.76975
939	4.0764
581	3.75673
1094	3.79215
859	3.4437
546	3.41542
636	3.90359
741	3.67393
517	4.68338
568	4.02647
599	4.57105
682	3.81063
607	3.66636
610	3.64683
586	3.75049
1311	3.98788
632	3.42066
768	3.73287
949	3.73646
519	3.83194
519	5.00219
572	4.04467
560	3.60984
588	3.95763
566	3.51521
1029	3.53872
668	3.4673
1166	4.37206
798	3.79862
1064	3.52698
549	3.79173
1039	3.54868
661	4.26225
1217	3.96759
962	4.56045
639	3.14944
1086	3.52784
764	3.29145
610	4.27109
895	3.81608
543	3.21904
609	3.05173
653	3.89816
509	5.79073
628	4.48537
666	4.18554
567	3.1563
792	4.23286
561	3.8656
583	5.15518
533	3.36527
1218	3.22467
731	3.92049
1395	4.21925
854	3.23401
680	3.69589
1082	3.04287
508	3.84722
529	3.84492
1032	3.72618
593	3.31659
512	3.62079
789	3.61902
590	3.53913
535	4.33228
591	3.87838
957	3.69115
899	3.46542
2379	3.22253
634	3.06421
513	3.34478
594	3.45113
1075	3.05497
1205	4.78535
1325	5.19403
780	4.99646
613	3.5603
553	4.93008
585	5.90668
1586	4.19349
1257	5.92123
869	4.42772
557	5.49551
1494	4.32823
619	7.14376
1512	8.76706
1062	4.97253
689	4.50449
786	3.25595
1229	3.73377
1352	5.41414
582	4.49207
1011	3.41035
1228	3.27018
679	4.62193
871	4.23624
1219	4.02145
1835	3.3142
3337	3.62198
1239	8.11186
551	7.21513
1070	7.2614
2303	6.97068
1175	5.70726
652	4.13483
1970	5.11407
1271	8.5874
1256	4.06056
2058	4.67095
1122	6.28916
955	3.19178
1109	7.77403
548	8.34286
826	5.57799
963	3.39678
829	3.42153
1046	4.23399
1473	4.41641
2220	4.02291
1228	5.63018
2275	6.8042
922	4.80245
729	5.42305
1326	3.48787
1003	3.96881
1353	4.28789
915	5.07474
917	3.4437
1206	5.64111
1407	5.56146
549	3.14209
536	4.2213
1367	4.84428
594	4.2554
704	3.94111
1196	4.48289
1407	4.33165
1010	4.75294
928	5.19457
719	6.06393
2079	4.33463
528	7.03983
2438	5.67765
1342	5.40535
1252	3.22456
1358	3.29068
1480	4.47643
1173	4.68405
1016	4.03364
1147	3.31728
1357	4.95022
923	6.1656
616	10.0986
1353	4.65245
1366	3.29902
538	4.59664
1397	5.70412
981	4.77602
551	9.88572
1300	5.0473
545	8.20759
1511	7.55457
535	5.09312
1523	7.28444
1313	6.34975
729	4.13297
1262	11.2313
1094	4.38416
1708	5.97641
673	3.25176
1027	4.18972
960	8.98063
1214	4.57586
1720	3.67761
1487	8.02063
700	4.92762
1308	3.25921
3132	4.43739
1253	5.5309
2319	3.4986
2156	4.08811
1588	4.53175
1136	3.64679
1265	6.54289
684	3.71382
1060	12.506
1044	6.19348
1029	9.39899
767	3.57715
724	8.93106
923	5.16151
1030	4.98133
545	3.67811
1191	3.16535
1338	5.18061
2149	3.99483
515	6.87062
1092	6.18937
553	6.69913
2199	5.53034
1552	3.97528
1172	3.64031
629	7.33294
1347	5.83787
622	3.93578
1895	5.19506
1135	3.82367
991	3.08664
3180	3.63145
2168	5.44886
1210	4.10869
2288	3.57139
1057	3.56757
950	5.16592
1835	4.22857
944	3.3217
627	8.89046
1609	4.66861
1144	8.88355
2549	4.19115
1135	3.49711
3169	6.59878
1084	5.57027
586	5.01866
1510	3.49748
2152	3.24805
2679	4.48888
830	3.67801
884	3.01896
975	3.38914
565	3.26129
757	4.41804
609	3.30629
716	3.94971
1469	3.30755
699	3.33423
1226	3.18776
780	3.63221
618	3.55626
576	3.38141
600	3.70228
664	3.40073
1256	4.15346
1876	3.33511
974	3.43695
561	3.19656
1121	4.03483
739	3.22846
709	3.92644
1129	3.75614
631	3.36446
1099	3.56803
696	3.75117
837	3.69958
662	4.09581
1680	3.76762
927	3.31802
645	3.94491
1070	3.35342
1009	3.62692
581	3.69154
682	3.83845
662	3.74135
575	3.95354
537	3.60552
1152	4.22156
695	3.7294
507	4.10159
874	3.57165
914	3.55777
1070	3.90358
511	3.5537
503	5.15522
1123	4.23562
628	4.15261
523	3.36524
578	5.12992
757	3.75404
1153	3.8116
523	5.36823
569	3.41985
746	4.10473
602	3.9229
581	3.83217
519	5.11131
716	3.49693
753	4.40845
944	3.80156
860	3.4503
811	3.90321
669	4.66999
1322	3.37854
1085	4.00786
1299	4.3499
569	5.33872
561	3.88752
1148	3.94337
1034	4.107
1150	3.45136
751	4.11516
537	4.06618
638	3.67851
512	4.32337
1324	4.48774
503	3.71168
719	3.79501
1248	3.77343
545	4.43753
508	3.49658
884	4.35083
687	4.24592
618	4.3925
568	4.11591
682	3.53118
585	5.08572
582	3.64209
620	4.12491
1437	3.86702
874	4.31098
723	4.0756
521	4.87346
516	4.7886
716	3.7432
642	3.67981
1349	7.60623
735	3.89567
805	3.47059
542	4.81119
654	3.871
531	4.20186
928	3.66532
1077	3.45275
551	4.18094
568	3.91319
1089	5.30645
964	4.14962
1068	3.78489
784	3.71275
585	3.95561
746	3.60958
746	3.50728
543	3.79224
975	6.90042
1047	4.73738
878	6.6098
1257	6.35265
676	3.28375
1498	3.18665
505	3.82759
1439	5.00344
762	7.28484
1102	7.47355
1390	7.1041
761	4.83374
722	5.47436
572	5.66789
649	4.76779
773	4.61991
1546	6.21042
745	3.69572
722	3.26605
1084	3.85098
638	3.7123
658	4.08298
1217	6.05449
519	5.06796
1609	5.52469
2739	4.70517
1622	5.93159
797	3.62189
739	4.25515
1717	3.60627
973	4.65712
1029	7.81036
993	4.14544
1019	4.07527
648	4.18447
1126	3.07747
1174	4.74091
953	6.20954
2276	4.13835
603	3.61444
840	3.26703
2286	3.41259
994	6.84455
1169	7.00252
504	4.45977
665	3.82996
1654	5.31978
608	3.84767
556	4.72923
686	5.45979
1179	5.6727
512	5.70882
581	4.4415
3107	4.11771
1247	4.21511
747	8.01142
688	3.89865
517	3.23061
1159	8.38822
543	7.4444
1151	5.29324
633	11.6131
944	3.73112
512	6.24724
1776	4.14928
582	4.5154
820	4.26279
1219	7.14538
1164	3.7808
1223	5.08552
1070	4.00003
1078	3.61862
583	5.14887
790	8.44393
837	6.37856
974	4.94492
611	4.0759
904	4.22828
751	5.87803
567	6.08227
681	4.37283
1063	4.06988
1010	3.85071
1465	5.48833
810	5.7812
735	3.47075
1297	4.80434
1355	4.40142
1223	5.52952
817	6.89408
1039	4.04121
590	3.67872
1353	5.03661
590	3.64882
1103	3.48705
989	4.34111
560	3.99955
629	4.21334
612	3.83618
964	3.39292
560	3.41788
627	3.11956
817	3.00845
735	4.13356
586	3.37832
1112	3.46866
550	3.04039
849	3.39812
1762	3.26277
527	4.19081
949	3.66006
983	3.94968
540	4.03487
594	3.77845
777	3.43431
691	4.17922
513	4.38951
816	3.56931
1154	4.09941
574	3.84334
1020	3.30592
576	4.59919
711	3.41741
858	3.69937
507	3.64639
570	3.21366
636	3.54099
551	3.72755
527	3.34273
664	3.76068
712	3.61771
519	4.13902
922	3.78922
678	3.31416
736	4.14496
570	3.8714
679	3.38497
773	3.49819
694	3.68794
576	4.63222
833	3.41131
982	3.26612
838	3.50581
519	3.46068
775	4.00501
1092	3.55334
691	4.25753
626	4.17282
890	3.91316
870	3.80309
547	3.91672
647	3.62993
520	3.46761
747	4.0102
662	3.54428
682	3.871
538	3.23469
676	3.15737
521	4.01898
598	3.83969
809	3.84322
1760	5.18678
1036	6.55362
717	4.4453
750	4.17106
891	7.86747
875	4.27015
772	4.40621
992	3.73988
784	3.94704
661	3.5786
1047	3.81349
661	3.87427
522	3.6135
564	3.74815
1398	3.84583
611	3.65749
1095	3.89119
842	3.70898
598	3.8082
665	3.39884
942	4.45328
581	4.37797
504	4.25325
568	4.04148
718	3.4443
517	4.62332
588	3.70167
520	4.2667
703	4.32069
571	3.6971
573	4.99926
618	4.6245
653	3.81648
907	3.80815
659	3.80577
895	3.92806
655	3.79149
558	3.64324
1325	3.71087
816	4.15106
606	4.01727
628	3.74922
840	3.78806
779	4.10577
648	4.07256
684	3.96539
713	4.38156
543	3.91245
704	3.9657
946	3.82297
916	3.33719
1102	3.8329
609	3.5241
1044	3.36294
715	4.08333
639	4.01266
562	3.6816
968	4.09949
640	4.20495
600	4.09365
692	3.61259
667	3.66782
606	3.81032
557	3.81377
513	3.3951
623	3.93472
777	4.50887
714	3.95336
1011	3.95966
1076	3.72744
732	4.05627
578	4.39314
679	3.75395
631	3.871
517	4.61234
711	3.81856
772	3.95027
693	3.79479
661	3.88208
676	3.92789
623	3.75108
1209	3.63598
1110	3.57072
646	3.33528
617	3.4852
653	3.74517
957	4.19869
579	3.67718
507	4.1349
811	3.51885
597	3.51936
1100	4.04965
538	3.48416
690	4.4101
560	3.87685
513	5.51851
553	3.53855
948	3.77747
737	3.67145
500	4.01666
627	4.58356
879	3.86512
581	4.30889
653	3.54909
1073	4.01607
729	3.80678
505	3.83498
739	3.87872
612	4.29767
1015	3.51227
554	3.98428
581	3.72215
646	4.30656
784	3.53314
789	3.49219
1016	3.72123
713	4.79845
530	4.35258
1017	5.73475
1334	6.27337
867	4.24881
1111	3.52259
1052	3.82657
677	3.79382
769	3.95352
948	3.33653
873	3.66744
763	3.95419
604	3.85938
629	4.28213
520	4.20004
742	3.95298
1224	4.06569
529	3.5152
500	4.09194
806	4.2581
580	4.15183
961	3.84754
779	3.89194
865	3.78102
650	4.15365
886	3.77179
628	3.46081
886	3.59638
605	3.86355
852	3.25481
794	3.33974
853	4.96442
578	4.29337
1372	6.67039
782	4.63854
1007	3.96564
1482	4.76371
565	6.96209
873	6.35628
881	4.39159
776	9.31998
834	5.6421
504	3.871
1200	3.88148
647	3.77053
649	3.65068
783	3.86598
706	3.81465
641	3.80771
1011	4.48292
845	3.95636
1638	3.77225
639	4.10904
816	3.88351
697	3.87492
896	3.871
819	3.94245
1088	3.94876
500	3.96996
768	3.67307
559	3.66552
564	4.12801
912	3.72459
663	3.50971
946	3.54305
537	3.65631
1100	3.66638
790	3.55996
842	3.88276
1295	6.21275
1470	4.43275
820	4.22332
1478	4.50314
1221	4.51935
1133	4.16553
686	4.06164
512	4.25761
876	6.78446
648	4.71466
874	4.54199
991	3.80026
907	3.92599
536	3.58728
808	3.66576
550	3.49492
719	3.72701
623	3.41767
518	5.72543
518	3.91013
799	3.6707
578	3.65628
670	3.82109
872	3.84249
571	3.99172
1490	3.76834
610	4.50781
695	3.62026
607	3.74087
564	3.59974
604	3.94245
915	3.88306
548	4.21522
1730	3.2247
839	3.4683
818	4.43917
661	3.2693
851	3.1702
1226	3.707
608	3.72468
1021	3.85591
650	4.33941
1163	3.99276
818	3.83971
729	3.93533
743	3.736
562	4.01723
756	4.0266
545	4.55007
1475	3.57887
709	3.92529
926	3.36029
553	4.56323
1474	3.75392
515	3.96753
736	3.99183
835	4.46836
687	3.5202
544	3.86068
578	3.69995
1177	4.32521
778	3.8592
772	3.49685
582	3.57718
611	4.45238
905	3.63477
942	3.58253
699	3.35045
537	3.87154
504	3.85412
989	3.97071
524	4.04507
1050	3.49095
825	3.30915
1399	3.04347
979	3.20472
836	3.87847
1061	3.87343
1126	3.97488
574	3.57012
587	4.20145
962	3.59467
954	4.15508
1167	3.39924
526	3.37031
505	3.61335
845	3.40154
582	3.57646
795	3.80803
1605	3.23619
1080	3.33579
652	3.72912
739	4.28938
654	4.33612
511	4.1086
511	3.92183
770	4.09787
678	3.67194
580	3.70175
760	3.3397
1009	3.20105
509	4.17001
514	3.56425
579	3.21329
583	3.623
779	3.19499
655	3.64199
556	3.67019
660	3.8465
619	3.93128
693	3.69778
793	3.5133
876	3.18728
534	3.59075
583	3.97738
608	3.92654
1100	3.69577
700	4.36485
1141	3.55562
553	4.30002
694	3.80958
652	4.41787
581	3.9192
759	3.69568
569	4.2385
988	3.66497
771	3.32097
929	3.53562
581	4.06618
655	3.67884
934	3.73245
552	3.7499
833	3.97259
622	3.57762
500	3.80653
532	4.20125
606	3.66444
524	3.89063
992	4.63357
503	4.44781
602	3.60115
538	4.5505
507	3.44332
909	4.36943
963	4.14433
544	4.6613
901	4.05029
588	3.84612
665	3.52861
1163	5.36011
573	4.05393
633	3.871
1186	4.28965
551	4.12187
578	3.63464
618	3.51377
916	3.70189
572	3.58498
1651	6.32058
540	5.67608
2430	3.64209
584	3.94446
1091	4.69418
904	3.20102
1036	4.66209
726	11.6344
638	3.15511
3070	3.03325
531	3.56565
504	3.8247
812	4.29829
994	3.30523
1196	3.26142
551	3.16144
834	3.46285
692	3.69203
944	3.42724
571	4.04765
620	4.05437
729	3.97097
730	3.48985
819	3.99634
1080	3.14379
550	4.26619
573	3.32805
636	5.29019
752	4.17337
637	3.26281
807	3.65515
1162	3.42795
647	3.81506
918	3.62386
622	3.7351
504	3.94868
548	4.15114
524	4.09692
625	4.11172
532	4.21838
689	3.54292
744	4.42517
623	3.25493
510	4.34428
743	3.46298
1131	3.15368
632	4.83124
534	3.45918
644	3.93214
1170	3.68886
1017	3.88736
874	3.0143
524	3.26372
1085	3.28136
735	4.86984
702	3.99504
815	3.87321
738	4.27428
686	3.54925
915	3.61092
526	3.57455
841	4.20247
657	3.46376
1040	3.51741
1153	6.12357
819	4.56991
902	3.25555
934	3.48084
573	3.67597
781	4.53866
599	4.01593
959	3.84258
586	4.37571
1005	3.35709
538	5.31784
1146	3.5229
678	3.80291
627	4.0792
1003	3.28205
985	3.41173
1072	3.41417
886	3.51066
624	3.72602
801	3.40431
553	5.08777
943	3.47162
674	3.9016
1285	4.28715
545	3.92387
875	3.57104
706	4.11263
1197	4.49272
742	3.49987
543	4.10507
602	4.63801
663	3.72935
823	4.13222
664	3.00711
1128	3.3958
861	4.05528
585	3.44842
513	3.27864
849	3.29977
1472	3.52858
833	3.47226
545	3.13877
964	3.20531
592	3.88746
539	4.37465
689	3.66002
1111	3.58769
503	3.57498
628	3.72062
552	13.5836
513	5.89349
939	6.28357
720	12.714
743	11.2743
4934	3.22615
552	3.54744
846	3.95021
643	3.74942
738	3.68763
551	3.7358
536	3.73289
1223	3.91057
754	3.9164
842	3.88536
529	4.59895
1307	4.10297
568	3.3037
740	3.19134
514	3.46379
1446	3.32848
519	3.54642
676	3.59643
579	4.07735
848	3.57552
604	3.65929
1319	4.20835
1027	3.13713
946	3.31849
869	3.66851
1037	4.02756
680	3.26914
525	4.45727
1067	3.56994
635	3.88092
678	4.43221
658	3.40172
749	5.98274
1562	3.77394
685	3.17287
564	4.10465
612	3.44179
500	5.07415
1035	3.84048
563	3.68239
849	3.32044
673	3.76299
825	3.6164
639	3.84543
689	3.42034
607	3.46879
579	3.75501
708	4.31666
703	3.73658
630	4.12049
1099	3.88228
608	3.6921
1017	4.82542
605	3.21426
550	4.23908
1242	3.87813
955	3.29425
865	4.30083
651	3.35858
668	6.12009
793	3.70612
521	3.01476
1157	3.38965
586	3.46631
515	3.6471
560	3.41719
579	3.70784
1041	3.56474
618	4.00369
613	4.07121
525	4.27137
558	3.7306
600	4.19244
759	3.47488
597	3.54198
1434	3.59177
513	4.16879
574	3.71725
639	3.42408
567	3.84924
561	4.26468
632	3.66385
636	4.78199
581	3.89271
1210	3.40165
743	4.13789
806	3.27941
1099	3.61589
1097	3.84555
907	3.42461
850	4.39492
579	3.08632
722	3.43386
512	4.39097
646	4.25007
968	6.67142
720	3.98521
981	3.29168
515	3.76839
521	3.23707
534	4.49476
928	3.11841
2754	4.68037
730	4.84783
587	3.92222
872	3.85874
759	3.34342
517	3.72748
587	3.43622
567	6.44322
591	4.12421
555	3.6596
694	3.8806
918	3.73987
760	4.05626
690	3.57061
503	4.02091
585	6.93967
533	3.99417
687	5.01965
697	3.53526
528	4.00437
643	3.57576
1035	3.71111
682	3.89014
974	3.9876
2679	4.38442
2017	4.60012
504	4.2782
720	3.56522
635	3.68352
1588	4.67672
1011	3.32287
1683	3.68916
833	3.65438
649	3.91383
884	4.0278
1153	4.32383
961	4.21854
676	4.35598
993	3.59973
1017	4.28746
2651	3.61339
585	6.74514
1616	4.56598
1250	5.90688
510	8.82494
566	6.77068
1502	4.47241
606	7.24286
1519	9.35507
679	4.28956
1335	5.4219
582	4.4556
1157	3.77637
1059	5.32213
576	4.7387
1470	4.74902
518	4.19507
1844	3.72074
1296	3.46622
1023	3.35374
562	6.0345
1065	7.1488
540	4.22892
2342	6.77747
1289	3.62797
1150	6.57722
1161	4.05809
1979	5.18286
1351	7.20959
1545	4.15411
1772	5.19236
2016	4.01902
1117	5.84151
1061	3.39869
1095	7.65987
819	4.3855
517	8.62697
822	5.48363
918	3.67007
2599	4.40215
2198	4.21026
1302	5.82847
2267	6.60964
553	4.72225
935	5.80041
924	5.58914
1817	3.921
1275	8.32727
1325	3.52163
1593	4.35206
638	6.59824
1987	4.79285
1067	4.83657
1215	5.626
1329	5.82568
593	3.47223
1120	3.97954
573	4.28318
1178	3.31067
724	5.81032
1271	3.86692
1487	3.67751
1160	3.28356
619	4.09572
1196	3.04642
1284	4.48493
1394	4.42161
921	6.07557
964	5.12034
1345	6.34002
518	7.28902
769	6.13536
2443	5.33286
1306	4.77123
1370	5.01881
1290	3.45295
1178	4.55889
1210	3.38287
1030	5.59541
1367	5.42511
513	4.40976
910	6.30411
688	8.82386
885	5.80592
2224	4.20032
1183	3.2139
672	4.81512
557	4.89561
1278	9.30589
2450	4.8744
1009	5.14277
1089	3.34962
537	9.90866
1308	5.57776
543	8.93493
1524	6.9868
548	5.45281
1086	5.08254
1527	7.02739
1199	4.00185
2916	8.00006
1067	4.44956
1706	5.60223
1070	3.21911
1028	5.11618
1004	8.73509
878	5.26028
1069	3.75027
1471	7.68098
804	5.26638
989	3.26448
2238	4.77323
1291	6.06141
1332	4.22819
2254	3.36656
1005	4.80499
679	4.59333
1149	3.71225
1274	6.57228
689	4.39742
1144	10.4336
560	4.00756
799	3.46105
2036	3.11252
719	8.46137
890	4.39845
1016	4.51814
1008	5.72276
573	3.99297
1193	3.41284
1367	5.07551
508	6.56502
1079	5.79114
536	6.02745
2214	5.91409
1542	4.09165
912	3.78277
623	7.47179
2880	4.56114
876	4.21172
1887	5.41858
1134	3.7936
1247	4.34575
1303	6.16926
642	4.83626
2274	3.78172
1685	3.47029
1117	6.38475
864	3.84129
743	3.31952
989	3.871
702	3.58455
519	4.06884
761	4.12003
530	7.38023
505	6.92728
640	3.80567
522	3.47962
1140	4.20302
500	3.3988
523	4.15321
885	4.10343
614	3.15196
580	3.78178
520	3.99038
1085	3.60891
768	3.34709
1763	3.15392
969	3.04722
1207	3.95866
1082	3.08021
1471	3.68527
589	3.98746
707	4.01307
573	3.99443
690	3.68473
573	4.9909
1007	3.87096
616	3.938
598	3.7911
1041	4.68463
1220	3.99483
528	4.62145
516	4.0118
503	4.36616
536	3.46735
1126	3.45283
768	3.92803
707	3.49147
1046	3.90891
613	3.53907
555	4.42211
558	3.35179
613	4.43623
626	4.02635
830	3.82684
552	4.08233
718	3.65682
605	4.05727
1063	4.24635
506	3.73905
516	4.05978
800	3.74151
610	4.02035
563	3.73919
514	4.32747
591	3.74386
1102	4.43389
539	4.00028
673	4.11621
566	4.51726
769	3.8447
612	3.52109
579	3.70659
948	4.05529
550	4.04414
963	3.95027
554	4.52886
1095	3.77517
986	3.50674
563	4.14673
502	3.76366
640	3.955
904	3.73301
1131	4.0836
520	4.46181
984	4.23118
599	4.56867
873	3.66525
851	3.78654
883	3.77235
530	3.82558
646	4.83067
1049	3.56694
715	3.81558
825	3.871
858	9.759
560	3.64807
957	4.16606
827	4.26925
763	3.77554
1020	3.90286
515	3.60621
914	3.33797
3075	3.00656
784	3.24277
821	3.57412
821	3.61037
737	4.19685
860	3.59308
860	3.54927
1111	5.74779
682	4.79938
506	4.80056
790	3.66817
754	3.23862
1610	4.02694
1003	3.88364
676	4.00317
861	3.86665
824	4.02646
610	3.84646
689	3.74998
1369	5.15469
607	4.01767
715	4.32365
737	3.84054
651	4.02136
757	3.36272
519	5.33815
893	4.19511
504	4.91094
1399	3.7197
512	3.55252
773	3.69776
1077	3.28266
508	3.83921
1190	5.51536
735	3.64525
568	3.49774
707	4.16869
1016	3.79993
544	3.16455
839	3.51823
535	3.51169
599	4.81375
527	3.85316
846	3.33953
836	3.48869
557	4.14875
583	4.29101
694	3.73054
961	3.48215
566	5.69655
986	3.70365
607	3.98706
514	3.96431
543	3.63537
608	4.13802
517	4.39953
710	3.53764
998	3.74845
663	3.55742
746	3.46823
1033	6.19738
1201	3.3532
615	4.17322
501	4.26559
583	3.83594
502	4.65165
531	3.97981
536	4.32692
949	3.75565
513	4.94153
734	4.42352
527	3.78142
658	4.14808
682	4.06139
788	3.80979
508	4.1674
517	3.84629
702	4.22169
527	3.59784
888	3.68979
751	4.15301
904	3.9135
647	3.61274
576	4.32767
702	3.47379
627	3.90814
712	3.99644
1147	4.20107
511	4.83781
536	3.89257
792	3.92439
521	3.78671
1056	4.05608
594	3.87837
580	3.65789
824	3.73812
597	4.04639
675	3.8205
542	4.34102
501	3.43308
558	3.64703
1052	3.78347
515	3.83053
509	3.62223
655	3.8784
645	4.67806
639	3.86603
567	4.24392
503	3.80797
926	3.71439
824	3.81735
786	4.03488
861	3.87231
625	3.56214
969	3.20686
588	3.60069
784	3.66998
880	4.43242
616	3.91065
529	4.30775
531	4.26877
817	4.21393
1099	4.01726
527	4.46452
1003	3.58266
550	3.62725
552	3.94013
713	3.99829
807	3.63064
927	3.64708
501	4.03468
1239	3.7496
739	3.88545
631	3.68449
1171	3.67561
1002	3.22998
1004	3.72331
860	5.15281
1501	5.24282
887	3.79985
670	3.37171
817	4.27988
885	3.51453
955	3.40307
527	3.61289
841	3.27374
780	3.36079
733	3.43847
559	3.08937
860	3.52475
524	3.03741
1391	3.67785
579	3.68902
911	4.29235
1333	3.2557
1484	3.26077
1200	3.55674
1013	3.56362
1073	3.1532
622	3.72879
755	3.25082
683	3.48757
1040	3.68587
664	3.60516
936	4.08511
859	3.64559
554	3.09531
924	3.51627
839	3.1447
842	3.42353
582	3.68905
2228	4.1287
741	3.59238
609	4.20556
789	4.08079
947	3.12173
1554	3.40205
724	3.2292
625	3.59429
682	3.5928
518	4.94734
1081	3.79184
571	4.02297
535	3.53516
738	4.10913
644	4.57482
1243	4.26756
1041	3.37399
524	3.62386
606	3.52357
723	3.56144
572	3.55273
548	3.60831
1002	3.08619
509	3.74603
564	4.16721
711	3.99327
779	3.589
1028	3.29102
778	3.99597
1115	3.22525
918	3.08701
994	3.43032
702	3.92362
788	3.33068
627	3.21212
558	3.80686
600	3.38964
848	3.24308
1241	3.19161
511	3.76789
510	3.72396
1273	3.4384
560	4.17029
667	3.32253
681	3.3526
785	6.19012
777	3.67078
748	3.9773
918	3.02419
540	3.7714
644	3.66208
828	4.73643
1389	6.94549
1454	4.77504
835	4.89444
1003	4.29098
1044	4.68584
1504	4.57178
945	5.29717
585	4.63748
965	4.21321
784	6.64777
535	4.70672
1102	5.10353
881	4.87973
524	4.1171
561	3.70635
738	4.44415
509	4.79531
1107	4.46549
766	3.64943
970	3.6667
654	3.60616
568	5.10266
1516	4.09734
831	3.92573
802	3.53483
801	3.49742
898	3.37133
738	3.94173
602	3.71914
515	3.80986
3132	5.68766
1431	4.50082
1289	7.46275
1466	4.31007
1010	5.71155
702	6.96739
867	5.66961
1531	4.45053
578	4.51508
648	5.06982
911	5.0417
1013	4.10029
1124	4.56856
741	3.71496
521	4.65504
593	3.9496
540	3.75613
905	3.62179
728	3.52576
802	3.81375
663	3.73606
618	4.32549
629	11.8452
750	3.81523
736	4.0394
569	3.61097
662	3.78588
627	3.81713
788	3.8502
509	4.12809
835	3.89345
1114	3.89367
564	4.20676
667	4.34024
1128	3.68678
984	3.65891
805	3.871
585	4.06237
506	3.89941
537	3.54722
808	3.6058
909	3.80496
670	4.80203
716	3.70671
507	3.60709
519	4.00839
712	3.75729
1207	4.22762
1021	4.30248
550	4.00478
872	3.871
785	3.96768
511	3.53241
569	3.64518
851	4.16905
1234	3.73594
550	3.65618
840	4.06211
505	3.63764
523	3.89457
977	3.59174
527	3.71346
556	3.86126
716	4.04717
1042	3.69474
607	4.79645
929	3.78873
520	4.31132
554	4.74486
861	4.47377
703	4.25663
914	3.44524
737	5.05581
636	4.96409
821	3.73567
538	4.00334
516	3.64343
602	4.02338
839	4.42332
1144	3.43649
734	3.9148
1427	4.77881
669	4.03493
508	4.11294
802	4.04491
866	3.0169
844	4.76127
577	3.59575
962	3.19378
538	3.71686
532	4.50447
750	3.48148
891	3.50401
579	3.36292
522	3.85314
581	3.73423
1057	3.95643
704	3.50737
583	3.26437
668	3.18313
789	3.68594
1923	3.56949
769	3.87454
557	5.47769
828	3.95391
994	3.72253
1272	3.37464
652	4.75695
659	3.94923
515	4.47572
730	4.06661
522	4.39605
1223	3.22418
742	3.7629
909	4.46412
875	3.93265
654	3.80553
507	3.87343
553	4.28404
1178	3.67513
530	3.58206
1299	3.56603
1071	3.34697
782	3.35478
619	3.20597
815	3.45718
717	3.14528
551	3.77657
632	4.38136
787	3.61131
818	4.26705
963	3.23079
740	3.5588
527	4.31573
1839	3.7987
513	5.37422
552	3.16088
651	3.39226
1295	3.78445
1098	4.36711
608	3.94463
791	4.14222
665	3.35386
1278	3.84415
719	3.82424
1392	7.6196
577	4.00144
586	3.99044
1162	4.21264
1087	5.80241
597	3.9317
565	3.51061
1178	3.5666
686	4.31763
1192	4.63818
868	4.19251
540	4.56506
879	3.49182
534	4.39416
668	3.84759
1006	4.24846
588	3.89371
1732	3.35865
1065	4.69984
963	3.62961
2527	5.61643
912	4.31674
727	3.60946
805	3.8177
519	3.83267
718	4.35871
872	4.10261
1086	3.8995
666	4.0782
624	3.29379
1426	3.14818
731	3.5264
1784	3.17696
763	3.35966
716	3.86734
510	3.60886
768	3.42072
519	3.40845
988	3.67917
559	4.14625
596	3.7649
840	3.44459
805	3.22046
933	3.64877
594	3.80806
749	3.34979
1134	3.78426
1285	4.28367
1103	3.46911
926	3.06744
1070	3.2742
787	3.26778
663	3.71589
1016	3.7084
1205	3.86697
689	3.74064
976	4.07647
788	4.58737
541	3.90218
986	3.33523
512	3.1175
566	3.871
688	4.33333
538	4.00113
634	3.74562
820	3.93564
1025	3.7866
601	3.68856
1016	3.88268
790	4.17896
1291	3.72192
718	4.53974
1149	4.90821
793	4.11888
742	3.75228
1137	3.87132
554	3.89112
620	7.61375
817	3.8335
771	4.03953
633	3.70051
1123	4.08839
1267	3.91095
545	4.11522
1711	6.05
1666	6.65599
719	3.63676
704	3.79467
501	4.02638
914	3.68623
1015	3.57686
823	3.76676
664	3.99726
1275	3.74338
546	4.42148
631	4.29863
780	3.60202
688	3.56355
785	4.0333
523	4.19541
1184	3.54873
553	3.25561
528	4.14639
648	3.45951
773	3.56999
1434	3.61963
1118	3.87332
695	3.83957
1251	3.97736
1119	3.871
644	4.32441
546	3.79006
523	4.36383
604	3.80691
888	4.05366
1221	3.55124
930	3.87802
784	3.53751
508	4.27397
847	3.31785
575	4.07282
698	6.138
595	6.21862
1616	4.24134
1260	5.32304
999	4.12567
1405	5.07548
1492	4.33486
619	7.19471
1530	8.98867
1352	5.08804
838	3.50269
1344	3.7828
1044	5.22439
617	4.52027
773	3.56011
1570	3.98395
1251	4.00476
514	5.49101
1338	3.76585
843	3.97439
1377	4.54162
554	6.93538
1158	6.08172
532	3.66775
2332	6.70753
680	3.98397
1904	5.34974
1141	4.6256
2087	4.52278
1249	4.14549
1575	3.92612
2380	5.08752
2069	4.46914
1127	6.54661
1109	7.25598
868	4.10924
810	5.31138
963	3.78247
1488	4.49382
2189	3.77101
1297	5.25341
2285	6.9837
952	5.95718
1325	3.65065
1016	5.31827
525	3.43268
1534	3.95628
2063	5.02452
1003	4.33219
1199	5.95238
1329	6.61547
534	4.51403
1369	4.3147
1018	3.6491
1200	3.27562
714	3.7734
1145	3.30787
1298	4.16545
1263	5.09378
959	5.82353
652	5.80469
1168	4.94794
2438	5.38419
1318	4.6021
503	3.65551
1189	3.86241
1022	4.98754
1188	3.3037
916	6.34149
624	9.70179
1353	4.306
1179	3.45329
643	5.6022
537	4.77423
1397	5.61564
976	4.73302
571	10.3005
892	8.09186
1282	6.05602
533	8.16662
1521	7.30032
522	5.16393
1076	4.3699
862	8.09534
576	8.51304
732	4.04411
747	3.05068
1257	10.2934
1708	5.82653
1019	7.22918
1028	4.14792
937	8.43896
1275	4.44064
1656	3.5154
700	4.73832
558	3.01451
1536	7.56187
1400	3.14637
2174	4.82533
1291	5.92965
2319	3.29778
898	4.24086
904	3.70598
2218	3.94927
1149	3.92638
1270	5.48474
518	3.40097
535	4.06847
2202	3.19423
2038	3.2444
719	9.4514
1178	3.74604
1337	5.40253
843	3.15748
528	6.99739
1101	5.46059
548	6.3586
1511	4.50879
943	3.1178
628	7.49283
1313	6.20643
1406	3.66637
1918	5.25722
1144	3.83787
3175	3.8543
2188	5.43868
1193	4.20288
2266	3.68433
1679	3.31168
3197	3.79784
1527	3.62721
2156	3.93815
1926	4.11863
1576	3.88814
759	5.56232
534	5.90238
4110	4.03382
1430	4.46499
919	4.104
649	3.57545
1116	3.45833
568	3.871
851	3.84644
815	3.74295
904	4.11447
774	3.97454
1111	3.64071
544	3.71766
532	4.80964
807	3.97206
728	3.6352
630	4.29826
559	4.11023
963	3.59714
1054	4.02386
616	3.46669
553	4.03208
926	3.56076
885	4.02278
1155	3.62149
684	3.42718
629	3.42271
558	4.16075
651	4.00183
836	3.57056
1076	3.40898
560	4.69861
598	3.84018
684	3.37148
930	3.25642
904	3.64162
689	3.41622
599	3.80975
560	4.44087
1153	3.49
840	3.42888
1119	4.00569
741	3.80821
997	3.74215
572	4.12989
815	3.91771
1552	3.87468
635	3.48195
513	5.21722
710	3.50846
574	4.83694
1118	3.96398
821	3.72857
531	3.52253
605	3.6586
942	3.6258
1095	3.81053
949	3.871
594	3.56973
677	5.19817
1425	4.59442
528	4.16778
738	3.49677
528	3.7054
506	4.86315
569	3.86771
1137	3.99443
667	3.57044
631	3.56757
523	4.64087
553	3.66395
555	4.07608
707	3.87109
548	3.62729
503	3.31202
592	3.84519
822	4.12566
897	3.83749
600	3.72018
541	3.53151
843	4.25005
1527	3.84667
824	4.48754
593	3.77896
897	3.82277
547	4.5579
802	3.59676
537	3.55294
685	4.00925
1184	4.01014
575	3.73791
897	3.42662
1019	3.51719
1059	3.68317
729	3.79879
869	3.65469
840	3.31839
886	4.20014
601	3.90821
513	3.81865
1020	3.43162
681	3.34468
866	3.73325
602	4.06963
542	3.92321
747	3.871
639	3.55317
612	3.64549
584	3.77076
570	5.15096
620	3.88674
553	3.45233
718	3.64811
811	3.53904
1167	4.11823
714	3.55804
1046	3.24684
696	4.55315
522	3.77062
1305	4.52042
648	4.07856
685	3.85266
607	3.72915
985	3.44346
717	4.28925
1067	3.46857
824	3.62713
1130	3.84932
659	4.14357
802	3.93792
1124	3.69769
673	3.87909
558	4.03747
559	3.70267
1218	3.68747
591	3.86023
661	3.99153
586	3.82815
668	3.21205
634	3.77837
1849	3.91563
1362	4.89316
578	4.07904
590	3.65549
521	3.85207
566	4.44492
1791	3.77821
1198	3.56927
606	3.50933
829	3.47481
575	4.33912
513	3.98153
506	5.90642
715	3.97274
1657	3.69907
815	3.56509
1147	3.53487
610	4.01806
609	3.61966
560	3.88767
579	4.00408
545	4.02627
1182	3.43497
518	4.43732
959	3.74718
756	3.28364
541	4.19875
1245	3.29228
1226	3.60962
737	3.42118
555	4.4096
763	3.76163
911	3.56263
593	4.27111
547	3.77626
671	3.42361
509	3.43795
1272	3.16368
617	3.49461
506	3.99271
534	3.74661
1092	3.66017
722	3.81926
640	3.68897
602	5.74036
683	3.71448
606	3.81048
781	4.68977
1165	3.58412
717	3.70784
695	3.60204
515	3.53729
935	3.37756
1519	3.99417
1224	3.96335
967	3.71292
567	7.90169
915	3.45327
1014	9.31124
1295	3.92399
737	3.92092
1453	3.74438
810	3.92538
1087	3.59584
886	4.09485
736	4.01894
792	3.85468
1595	4.64604
565	4.16718
695	3.79667
573	4.55918
1157	4.01062
798	3.65093
1211	3.4141
662	4.52412
771	3.84089
1093	3.44672
950	5.34311
557	4.25129
586	3.84682
793	3.98836
727	4.18722
551	4.00719
616	6.51039
669	3.54129
533	3.86144
1133	3.69114
891	3.99524
586	4.1359
579	3.82186
652	4.22857
519	3.69346
877	3.79808
727	3.57977
872	3.81343
985	3.48405
568	4.8977
511	3.72477
538	3.84502
651	4.08074
636	4.50962
1394	3.73401
1067	3.77173
1109	3.94104
553	3.49792
659	3.59784
847	4.00167
558	3.76815
589	4.33586
635	3.94607
1083	3.74678
583	3.61742
1021	3.75894
559	3.83157
745	3.75249
639	4.41201
1243	3.7829
593	4.84073
1265	4.91517
560	3.50717
893	4.43878
804	3.83676
745	3.77367
833	4.13645
519	4.35534
1379	3.52428
730	3.73127
602	3.99296
1056	3.45317
545	5.10466
517	6.34738
703	3.69584
510	3.59548
548	4.06659
619	3.871
1166	3.55925
657	4.06189
532	3.67288
841	4.89257
637	3.87448
616	4.04909
570	3.34579
545	5.23039
849	3.51943
909	4.12986
945	7.88188
572	3.52439
659	3.8537
532	3.75579
539	4.42209
557	3.77698
691	3.85608
1069	3.90981
699	3.871
622	4.58524
960	3.56814
743	4.37563
844	3.20861
519	3.86739
823	3.66408
606	3.80904
510	4.10126
589	3.82926
652	3.71353
581	3.5105
563	3.96596
619	4.13903
641	4.32139
731	3.99048
541	3.81325
873	4.06079
1169	3.66834
562	3.51132
689	3.81513
696	6.14567
751	3.84608
597	3.70573
901	3.841
684	4.31388
630	4.29289
895	3.96607
610	4.01439
900	3.38795
572	3.59607
961	3.97794
935	4.6292
951	4.31766
718	3.63445
804	3.8185
586	3.82527
1282	3.46213
531	3.82646
776	3.96182
628	3.55484
1669	3.50472
664	3.70191
1327	3.46858
615	4.43818
533	3.30448
1139	4.17661
1570	3.05437
504	6.96869
1064	3.16166
786	3.74503
908	3.34497
840	3.31241
691	3.22951
530	3.27489
536	5.95115
716	3.14267
814	4.29563
784	3.8737
512	4.33238
674	3.5698
506	4.51472
587	3.75663
522	3.57978
528	3.68439
568	4.08079
621	3.69123
506	5.04449
522	4.60044
547	4.72738
539	4.45664
1071	4.12466
662	3.631
600	3.63278
550	4.24887
1276	3.70079
847	3.72153
642	3.95422
1103	3.45725
1041	3.87509
602	4.46369
845	4.54653
848	4.01081
1022	3.94655
625	3.63533
696	3.45864
502	4.10415
701	3.53639
1411	3.76669
660	3.87992
630	3.5916
673	3.99447
778	3.55319
938	3.74318
715	3.93129
626	3.52547
506	3.80343
529	4.15221
1196	3.90471
675	4.40008
535	3.77792
891	3.68271
562	3.39726
563	3.40133
1192	3.9414
758	3.3851
958	3.17451
561	3.61364
1105	3.62461
1100	3.7187
511	4.5505
514	3.27263
550	3.25604
538	4.72436
621	4.18578
1246	3.66604
811	3.79253
781	4.02719
1249	3.48704
993	3.7166
1435	3.2987
547	4.41067
780	4.12511
1066	3.41763
992	3.24219
502	3.74689
730	3.75448
519	3.64822
645	3.14217
821	3.09939
603	4.04165
970	3.23507
552	4.33534
932	3.19057
1086	4.42465
538	3.62258
717	4.19261
631	3.25984
592	3.41226
1738	3.2044
538	3.56526
731	4.21989
1067	3.50363
573	5.48963
614	3.85112
536	3.77772
521	3.75102
1096	4.33103
1008	3.68078
1116	3.60829
1034	3.28627
1282	3.78783
1012	3.62874
1551	3.44917
571	4.40022
688	4.03229
1007	3.63917
887	3.61774
836	3.93447
595	4.06373
822	4.96804
1110	3.59244
759	3.61665
734	3.63559
568	4.68049
624	3.55971
625	5.83404
527	4.11888
1017	3.97024
817	3.91525
724	3.48999
1073	4.21521
519	3.67089
618	4.20438
513	4.49568
744	4.52582
602	3.92933
794	3.49191
675	4.81144
877	3.58722
531	4.45118
899	3.58291
512	3.84667
507	3.49057
596	3.95648
592	4.06746
702	3.78871
654	4.6805
664	3.82788
787	3.24406
1125	3.78043
571	3.63468
950	3.59404
978	3.60494
600	4.13361
551	4.12348
567	3.50614
592	4.01666
663	3.4906
551	3.97864
528	3.8456
816	3.38234
633	4.77182
589	4.7055
1031	3.80828
1056	3.28244
1218	3.07705
726	3.89329
1028	3.9716
1067	3.79149
918	3.312
756	4.03745
805	3.70095
681	3.53283
1309	3.577
780	3.55057
514	4.03752
858	3.59502
1475	3.45912
758	3.76954
564	3.62595
500	3.39655
1057	4.26548
625	3.93387
524	3.3761
512	4.03029
878	3.69668
889	4.23148
771	3.56991
523	3.49336
1173	3.75804
1187	3.84801
573	3.84893
1119	3.52726
542	3.39176
898	4.07843
545	4.22421
838	3.77621
1015	3.80791
598	4.00249
561	3.64518
571	3.63225
571	4.75763
597	3.54163
742	3.8471
625	4.41528
984	4.15283
900	3.95716
800	3.63021
507	3.74014
941	4.25361
776	3.58397
559	4.42498
650	3.62581
761	3.68181
759	4.00734
561	3.92705
584	3.99501
1313	3.7962
524	3.30999
1927	3.60308
856	3.20539
501	3.6025
1183	3.16568
514	3.60045
546	4.44645
1001	3.8875
548	3.6357
1321	3.44133
951	3.57041
623	3.84341
847	3.49882
1260	3.70783
525	3.60595
735	3.71825
554	3.75648
596	4.04243
1538	3.54281
564	3.72517
603	3.71547
675	4.00311
532	4.12343
511	3.2488
544	3.39485
586	4.10311
1153	3.82757
672	4.284
1060	3.18732
1068	4.40597
588	4.38537
1091	3.64003
502	3.44415
626	3.84249
1010	3.42392
687	5.91917
854	3.75195
510	4.49772
741	4.79514
510	3.82576
1047	3.41475
653	3.7913
585	3.50008
1072	3.47264
527	3.82576
689	4.00619
787	3.50013
547	3.83753
500	3.49934
623	3.94903
616	3.62688
731	3.55912
532	4.60019
1097	3.62018
669	4.86599
584	3.871
709	3.70769
844	3.53605
611	3.92827
854	3.5242
866	3.81174
1047	3.59193
874	3.51979
760	3.53675
859	3.96097
927	4.49953
648	5.34334
680	5.20715
1273	4.21517
1016	5.52961
549	3.84649
681	3.96887
659	3.39056
680	3.60239
777	4.32262
820	3.90702
1028	5.36185
1303	4.08153
910	3.84544
598	3.6737
810	3.80086
850	3.96522
503	5.56269
1377	4.64667
948	5.02889
735	4.22709
534	3.71985
1611	3.76232
625	4.57884
926	4.05891
609	3.67521
554	3.63564
694	3.48019
847	3.74608
646	3.51928
1213	4.42254
541	3.49683
558	3.61935
1478	3.99439
798	3.67303
780	3.97762
619	3.60472
533	3.85685
551	3.7852
810	3.44347
515	4.48333
595	3.6518
674	4.28753
504	3.49079
736	3.83464
562	3.68649
1268	3.92766
781	3.62312
503	3.67546
997	3.54137
577	3.70767
568	4.37241
656	3.42346
535	4.29192
684	3.30642
1837	3.75604
733	3.94665
508	4.12473
802	3.28257
614	3.73845
683	3.85039
801	4.08629
907	3.89528
806	5.16651
536	4.15329
805	3.87891
538	3.55646
674	3.55135
672	3.8555
628	3.8152
796	3.77143
506	4.12055
1178	3.49072
1048	4.12803
964	3.51163
583	4.11329
664	4.16658
706	3.72563
693	4.20059
753	3.83055
555	4.03427
510	4.36288
1286	3.5675
1080	3.95584
869	4.2867
708	3.75286
1271	3.80261
669	3.68122
950	4.03468
557	4.07519
1469	3.06099
2439	3.15819
1616	3.03029
1461	3.27603
1210	3.52121
1166	3.20318
954	3.15392
1017	3.52671
923	4.49261
541	4.07982
567	4.48639
571	3.51435
575	4.27148
756	4.02636
548	4.38222
536	3.71234
587	3.871
772	3.60697
852	3.71301
690	3.69781
1238	7.50737
613	3.59289
1451	3.82555
1015	3.84442
1620	3.25148
597	3.75711
