1
10
1000
10000
10002
10003
100048912
100049716
10005
10007
10008
10009
1001
10010
100101267
100113384
100113404
100113407
100124537
100124540
100126302
100126324
100126333
100126340
100126343
100126349
100126350
100126354
100126355
100126356
100127206
100128023
100128059
100128079
100128081
100128176
100128233
100128239
100128292
100128317
100128496
100128531
100128553
100128590
100128594
100128682
100128714
100128787
100128811
100128905
100128927
100128946
100129029
100129066
100129128
100129138
100129196
100129203
100129213
100129250
100129269
100129271
100129278
100129297
100129385
100129424
100129427
100129434
100129461
100129583
100129620
100129669
100129781
100129792
100129800
100129940
100129969
100129995
10013
100130111
100130231
100130298
100130301
100130342
100130460
100130480
100130519
100130522
100130539
100130581
100130880
100130890
100130958
100130964
100130967
100130992
100131047
100131067
100131117
100131208
100131211
100131366
100131378
100131564
100131655
100131814
100132057
100132116
100132146
100132174
100132273
100132464
100132594
100132618
100132677
100132707
100132735
100132831
100132891
100132916
100132963
100132994
100133005
100133077
100133190
100133204
100133220
100133234
100134229
100134259
100134934
10014
100144602
100151683
100169752
100169851
10018
100188947
100188949
100192378
100192420
100192426
1002
10020
10021
100216001
100216545
100216546
10023
100270680
100271715
100271832
100271873
100272228
100286938
100287072
100287216
100287225
100287314
100287482
100287559
100287632
100287639
100287728
100287765
100287846
100288077
100288079
100288428
100288797
100288798
100288814
100289137
100289178
100289230
100289373
100289470
100289635
100289673
100292680
100294145
100294720
1003
100302112
100302113
100302123
100302124
100302126
100302130
100302136
100302142
100302147
100302150
100302159
100302164
100302166
100302177
100302187
100302192
100302233
100302237
100302238
100302256
100302257
100302259
100302260
100302263
100302286
100302287
100302288
100302290
100302640
100302652
100302692
100302736
100302746
100303453
100313778
100313779
100313839
100313841
100313886
100313887
100313895
100316868
100329135
100379174
100379224
100379345
100379661
1004
10040
100419170
100419583
100420587
100422737
100422823
100422828
100422829
100422840
100422849
100422851
100422853
100422861
100422863
100422869
100422874
100422876
100422881
100422885
100422897
100422899
100422909
100422912
100422914
100422920
100422921
100422924
100422927
100422928
100422929
100422930
100422934
100422950
100422951
100422965
100422968
100422973
100422979
100422986
100422988
100422991
100423001
100423005
100423016
100423027
100423030
100423036
100423038
10043
10045
10046
10048
10049
100499183
100499227
100499467
1005
10050
100500803
100500804
100500814
100500821
100500825
100500829
100500832
100500834
100500836
100500839
100500843
100500849
100500851
100500853
100500854
100500859
100500871
100500873
100500875
100500878
100500881
100500883
100500885
100500887
100500891
100500898
100500899
100500904
100500914
100505385
100505477
100505478
100505498
100505501
100505532
100505536
100505547
100505566
100505592
100505601
100505659
100505663
100505676
100505678
100505715
100505716
100505718
100505724
100505738
100505768
100505776
100505785
100505811
100505826
100505832
100505839
100505841
100505845
100505851
100505853
100505875
100505876
100505877
100505881
100505893
100505894
100505918
100505920
100505921
100505964
100505978
100505984
100505989
100505994
100506013
100506022
100506025
100506036
100506082
100506125
100506127
100506157
100506172
100506175
100506178
100506235
100506236
100506258
100506299
100506305
100506334
100506365
100506371
100506374
100506393
100506403
100506406
100506409
100506421
100506428
100506433
100506436
100506443
100506444
100506446
100506457
100506474
100506489
100506492
100506497
100506526
100506532
100506542
100506544
100506564
100506585
100506606
100506639
100506650
100506664
100506674
100506677
100506686
100506714
100506736
100506746
100506747
100506776
100506795
100506797
100506826
100506860
100506869
100506881
100506885
100506895
100506897
100506937
100506939
100507006
100507059
100507065
100507073
100507086
100507103
100507114
100507127
100507135
100507140
100507144
100507173
100507175
100507194
100507195
100507201
100507203
100507217
100507240
100507244
100507254
100507283
100507297
100507308
100507336
100507347
100507391
100507406
100507420
100507421
100507428
100507431
100507458
100507464
100507468
100507477
100507487
100507500
100507513
100507516
100507521
100507524
100507527
100507528
100507533
100507534
100507540
100507554
100507557
100507567
100507582
100507600
100507616
100507629
100507632
100507639
100507651
100508120
100508631
100509894
10052
100526761
100526772
100526820
100527950
100528016
100528021
100528030
100528062
100529097
100529240
100529264
100532731
100532737
100533105
100533106
100533111
100533789
100533975
100534611
10055
100551499
10057
1006
100616113
100616114
100616129
100616130
100616138
100616162
100616174
100616176
100616184
100616187
100616188
100616189
100616191
100616192
100616201
100616206
100616207
100616210
100616218
100616243
100616245
100616249
100616251
100616265
100616270
100616272
100616275
100616279
100616280
100616281
100616285
100616286
100616288
100616297
100616304
100616309
100616311
100616321
100616322
100616323
100616325
100616326
100616330
100616331
100616334
100616336
100616347
100616362
100616364
100616366
100616374
100616377
100616381
100616386
100616393
100616395
100616404
100616409
100616413
100616422
100616423
100616424
100616430
100616432
100616435
100616436
100616440
100616441
100616449
100616450
100616452
100616453
100616455
100616457
100616463
100616464
100616475
100616486
100616491
100616494
100616530
100628307
100628315
100630918
100652739
100652749
100652758
100652759
100652824
100652853
100652857
100652909
10066
1007
10073
100750225
100750325
100750326
10076
1008
10082
100820709
100820829
10084
100846991
100846995
100846996
100846998
100847001
100847002
100847003
100847007
100847010
100847021
100847024
100847028
100847031
100847042
100847047
100847050
100847053
100847058
100847062
100847068
100847075
100847082
100847084
100847089
10085
100852408
100852410
100859921
100859930
10086
100861402
100861412
100861514
100861517
100861518
100861519
100861520
100861541
100861544
100861545
100861549
100861550
100861552
100861554
100861555
100861573
100862728
10087
100873065
100873932
100873939
100873945
100873948
100873951
100873972
100873973
100873984
100873987
100873989
100873990
100874002
100874010
100874012
100874013
100874019
100874027
100874033
100874035
100874052
100874053
100874055
100874058
100874059
100874074
100874083
100874084
100874091
100874100
100874107
100874111
100874117
100874122
100874127
100874128
100874137
100874144
100874146
100874147
100874155
100874159
100874167
100874176
100874178
100874180
100874184
100874188
100874208
100874218
100874222
100874226
100874237
100874242
100874244
100874245
100874246
100874255
100874264
100874270
100874276
100874296
100874312
100874322
100874326
100874333
100874531
100885776
100885777
100885781
100885782
100885795
100885796
100885798
100887755
1009
10090
10096
10098
100996251
100996266
100996286
100996291
100996325
100996342
100996345
100996404
100996419
100996447
100996455
100996478
100996485
100996490
100996492
100996549
100996569
100996570
100996571
100996590
100996597
100996630
100996635
100996645
100996664
100996696
100996758
1010
10100
10105
101060004
101060019
101060091
101060171
101060391
101060542
101060544
10107
10110
101101773
10111
101154644
10116
101180901
1012
10123
101234261
10124
10125
10128
10135
10140
101409253
10141
101410534
101410536
101410537
101410540
101410544
10144
10147
10149
1015
10150
101515984
10152
10153
10157
10159
1016
10160
10162
10165
101669767
10169
10170
10171
101752399
101805488
101805492
10181
10184
10186
101867536
10188
101926889
101926890
101926898
101926904
101926907
101926908
101926911
101926913
101926923
101926924
101926925
101926926
101926928
101926930
101926940
101926941
101926942
101926951
101926956
101926964
101926966
101926971
101926975
101926978
101927015
101927018
101927021
101927025
101927034
101927040
101927043
101927045
101927050
101927055
101927059
101927060
101927070
101927078
101927082
101927084
101927087
101927100
101927112
101927115
101927131
101927132
101927134
101927141
101927145
101927150
101927151
101927153
101927156
101927159
101927166
101927186
101927195
101927211
101927221
101927230
101927233
101927237
101927243
101927244
101927245
101927257
101927263
101927273
101927274
101927279
101927282
101927286
101927288
101927293
101927295
101927300
101927314
101927320
101927332
101927342
101927350
101927351
101927358
101927360
101927363
101927364
101927367
101927378
101927381
101927385
101927388
101927389
101927397
101927406
101927411
101927412
101927413
101927419
101927420
101927421
101927422
101927433
101927438
101927440
101927449
101927450
101927457
101927459
101927460
101927467
101927476
101927490
101927497
101927502
101927504
101927513
101927516
101927523
101927525
101927528
101927541
101927543
101927547
101927550
101927553
101927554
101927560
101927566
101927571
101927574
101927586
101927587
101927588
101927592
101927597
101927599
101927605
101927609
101927619
101927621
101927629
101927630
101927631
101927635
101927636
101927641
101927646
101927650
101927651
101927657
101927661
101927664
101927668
101927678
101927686
101927692
101927697
101927698
101927701
101927703
101927711
101927715
101927728
101927735
101927745
101927750
101927755
101927759
101927762
101927763
101927768
101927774
101927780
101927789
101927795
101927796
101927797
101927798
101927801
101927815
101927822
101927829
101927832
101927844
101927845
101927847
101927851
101927862
101927870
101927872
101927873
101927877
101927880
101927884
101927888
101927891
101927895
101927896
101927901
101927904
101927907
101927908
101927911
101927921
101927922
101927934
101927936
101927942
101927947
101927957
101927960
101927969
101927972
101927973
101927974
101927975
101927980
101927992
101927995
101928001
101928004
101928008
101928009
101928012
101928014
101928035
101928036
101928040
101928043
101928063
101928079
101928092
101928099
101928100
101928104
101928105
101928107
101928111
101928113
101928118
101928122
101928126
101928131
101928134
101928141
101928142
101928156
101928161
101928162
101928165
101928166
101928169
101928176
101928190
101928202
101928203
101928205
101928219
101928223
101928228
101928231
101928232
101928241
101928243
101928244
101928253
101928270
101928271
101928276
101928277
101928278
101928298
101928304
101928309
101928311
101928326
101928333
101928336
101928337
101928354
101928357
101928358
101928359
101928371
101928373
101928376
101928377
101928386
101928388
101928392
101928398
101928403
101928404
101928409
101928414
101928417
101928420
101928421
101928429
101928436
101928437
101928441
101928446
101928448
101928461
101928462
101928464
101928477
101928478
101928496
101928499
101928505
101928509
101928535
101928536
101928539
101928553
101928554
101928555
101928565
101928569
101928578
101928583
101928591
101928601
101928611
101928616
101928618
101928630
101928650
101928658
101928661
101928673
101928682
101928684
101928687
101928688
101928689
101928700
101928708
101928716
101928720
101928725
101928734
101928737
101928739
101928741
101928743
101928744
101928765
101928767
101928769
101928773
101928775
101928776
101928782
101928795
101928809
101928819
101928820
101928842
101928845
101928847
101928850
101928851
101928856
101928858
101928863
101928868
101928877
101928887
101928907
101928913
101928940
101928944
101928971
101928973
101928982
101928988
101928989
101929006
101929011
101929019
101929021
101929025
101929048
101929071
101929080
101929082
101929083
101929086
101929093
101929095
101929099
101929106
101929110
101929111
101929116
101929120
101929123
101929147
101929151
101929153
101929163
101929172
101929174
101929180
101929184
101929191
101929196
101929198
101929199
101929210
101929222
101929229
101929234
101929239
101929243
101929244
101929247
101929258
101929260
101929265
101929268
101929282
101929284
101929286
101929288
101929294
101929302
101929309
101929315
101929322
101929338
101929341
101929344
101929352
101929353
101929371
101929378
101929380
101929386
101929395
101929397
101929398
101929402
101929406
101929407
101929413
101929423
101929425
101929427
101929428
101929439
101929447
101929448
101929452
101929460
101929467
101929473
101929476
101929479
101929485
101929486
101929488
101929492
101929495
101929497
101929505
101929517
101929520
101929523
101929528
101929531
101929536
101929547
101929548
101929551
101929557
101929559
101929563
101929565
101929577
101929578
101929580
101929586
101929590
101929591
101929595
101929596
101929614
101929620
101929624
101929626
101929628
101929637
101929639
101929655
101929660
101929680
101929681
101929688
101929690
101929694
101929696
101929701
101929705
101929709
101929710
101929715
101929716
101929717
101929726
101929736
101929743
101929746
101929753
101929765
101929767
101929769
101929770
101929771
101929908
101929926
101929935
101929951
101929963
101929974
101929977
10193
101930010
101930028
101930053
101930085
101930094
101930276
101930370
101930452
101930665
101930748
101937451
101954204
101954273
101954278
10196
101978719
10198
10199
102
10200
10202
10207
1021
10212
10215
102157400
10217
10219
102216341
102216342
10223
10224
10229
10231
10234
10236
10239
1024
10241
10242
10243
102464826
102464827
102464830
102464831
102464832
102464836
102465133
102465137
102465138
102465139
102465455
102465488
102465665
102465688
102465834
102465837
102465839
102465854
102465859
102465860
102465865
102465869
102465870
102465876
102465877
102465881
102465944
102465995
102466616
102466656
102466720
102466814
102466865
102466873
102466874
102466876
102466967
102466995
102467004
102467005
102467074
102467075
102467077
102467079
102467147
102467212
102467213
102467214
102467223
102467226
102467655
10247
102477328
10249
10250
102503429
10251
102524628
10253
102546226
102546227
102546228
102546229
102546299
10255
102557615
10257
102577426
102578074
102606463
102606465
10261
10266
10268
102723165
102723318
102723320
102723323
102723324
102723341
102723344
102723350
102723356
102723370
102723392
102723409
102723427
102723430
102723439
102723442
102723446
102723493
102723505
102723508
102723525
102723526
102723530
102723567
102723578
102723604
102723654
102723661
102723663
102723670
102723699
102723701
102723724
102723727
102723742
102723752
102723761
102723766
102723778
102723824
102723833
102723834
102723839
102723878
102723895
102723896
102723899
102723906
102723932
102723966
102723985
102723989
102724000
102724015
102724019
102724046
102724053
102724077
102724080
102724087
102724096
102724104
102724122
102724165
102724168
102724210
102724224
102724233
102724253
102724264
102724289
102724344
102724357
102724373
102724380
102724386
102724397
102724434
102724452
102724465
102724479
102724481
102724482
102724484
102724489
102724497
102724508
102724515
102724517
102724532
102724539
102724550
102724552
102724553
102724557
102724566
102724577
102724579
102724586
102724596
102724601
102724604
102724612
102724617
102724623
102724637
102724657
102724678
102724684
102724691
102724698
102724710
102724736
102724740
102724763
102724768
102724774
102724775
102724776
102724800
102724804
102724805
102724827
102724830
102724845
102724855
102724858
102724861
102724874
102724900
102724919
102724934
102724950
102725019
102725105
102725116
102725191
102725193
102725258
102725509
10274
10277
10279
102800447
10281
10283
10285
103
10301
10302
103021164
103021165
10308
10311
10314
10316
10317
10326
10327
10328
1033
10330
103312105
103344926
103344930
103344931
10335
103352670
10336
10342
10350
103504735
103504737
10351
10352
10361
10363
10365
10367
10368
103689844
103689845
103689911
103689913
103689915
103689917
103695363
103695366
103695434
103695435
103695436
10370
10371
103724390
103752585
103752588
103752589
1038
10382
1039
10391
103910
10392
10393
10395
10396
10397
10399
104
10400
10401
10402
10403
10404
10409
10413
10417
10420
10421
10422
10424
10426
104266956
104266958
104310351
104310353
104326190
10434
104355136
104355141
104355147
104355286
104355288
104355290
104355291
104355294
10438
104384744
10439
1044
104413890
10443
10447
104472519
104472713
104472714
104472848
10449
10451
10452
104548972
104564224
10460
10461
10462
10463
10465
10466
10472
10473
10476
10477
104797537
104797538
10483
10486
10487
10489
10491
10495
10497
10499
105
10505
10507
10509
10512
10520
10529
10533
105369146
105369147
105369167
105369171
105369187
105369192
105369201
105369203
105369219
105369292
105369302
105369308
105369318
105369346
105369363
105369370
105369376
105369413
105369428
105369435
105369443
105369449
105369454
105369464
105369482
105369484
105369486
105369490
105369496
105369498
105369519
105369520
105369536
105369547
105369550
105369557
105369558
105369559
105369563
105369564
105369576
105369584
105369589
105369591
105369595
105369608
105369668
105369673
105369705
105369717
105369739
105369744
105369746
105369759
105369792
105369803
105369804
105369807
105369810
105369832
105369844
105369848
105369850
105369853
105369860
105369890
105369891
105369897
105369906
105369920
105369924
105369946
105369984
105369989
105370002
105370027
105370034
105370060
105370065
105370122
105370145
105370169
105370174
105370177
105370183
105370188
105370224
105370242
105370259
105370290
105370295
105370324
105370327
105370333
105370339
105370340
105370344
105370355
105370357
105370364
105370399
105370401
105370409
105370414
105370422
105370445
105370460
105370467
105370475
105370476
105370495
105370496
105370498
105370500
105370504
105370531
105370540
105370546
105370577
105370583
105370600
105370605
105370614
105370616
105370629
105370664
105370728
105370737
105370752
105370769
105370772
105370777
105370780
105370781
105370783
105370784
105370787
105370791
105370802
105370804
105370805
105370809
105370822
105370829
105370833
105370834
105370838
105370844
105370854
105370873
105370880
105370913
105370921
105370941
105370954
105370956
105370966
105370969
105370973
105370982
105370985
105370990
105370991
105370993
105371007
105371008
105371010
105371011
105371018
105371022
105371024
105371027
105371062
105371082
105371113
105371114
105371143
105371240
105371241
105371252
105371256
105371260
105371261
105371265
105371267
105371273
105371276
105371278
105371296
105371307
105371310
105371346
105371357
105371368
105371430
105371475
105371508
105371509
105371520
105371541
105371561
105371564
105371600
105371609
105371658
105371660
105371665
105371672
105371673
105371677
105371708
105371730
105371735
105371737
105371757
105371767
105371786
105371807
105371809
105371818
105371828
105371830
105371831
105371841
105371849
105371855
105371887
105371899
105371907
105371953
105371954
105371956
105371957
105371959
105371969
105371984
105371985
105371986
105372042
105372045
105372049
105372079
105372108
105372131
105372138
105372146
105372156
105372190
105372200
105372267
105372308
105372334
105372337
105372352
105372360
105372363
105372371
105372390
105372399
105372412
105372414
105372429
105372480
105372481
105372516
105372522
105372523
105372524
105372535
105372550
105372551
105372556
105372558
105372560
105372571
105372614
105372639
105372645
105372664
105372666
105372668
105372670
105372676
105372685
105372699
105372703
105372719
105372746
105372763
105372840
105372873
105372893
105372894
105372895
105372896
105372898
105372911
105372918
105372922
105372925
105372937
105372950
105372978
105372980
105373004
105373010
105373032
105373105
105373106
105373108
105373144
105373153
105373158
105373164
105373170
105373175
105373185
105373186
105373191
105373199
105373206
105373209
105373220
105373262
105373265
105373311
105373334
105373358
105373373
105373401
105373406
105373414
105373416
105373418
105373422
105373429
105373430
105373432
105373436
105373438
105373454
105373456
105373460
105373461
105373480
105373507
105373508
105373518
105373519
105373526
105373536
105373538
105373595
105373597
105373604
105373615
105373629
105373635
105373637
105373640
105373647
105373656
105373662
105373664
105373666
105373668
105373682
105373683
105373684
105373689
105373696
105373712
105373742
105373748
105373757
105373764
105373766
105373772
105373777
105373780
105373813
105373824
105373835
105373845
105373873
105373877
105373889
105373891
105373893
105373895
105373896
105373899
105373904
105373907
105373934
105373942
105373951
105373953
105373960
105373962
105373984
105373999
105374003
105374005
105374057
105374085
105374101
105374107
105374119
105374122
105374134
105374140
105374165
105374177
105374191
105374205
105374217
105374218
105374219
105374224
105374235
105374243
105374244
105374245
105374249
105374250
105374251
105374261
105374265
105374266
105374282
105374285
105374289
105374308
105374313
105374323
105374329
105374344
105374346
105374352
105374374
105374391
105374400
105374409
105374410
105374411
105374438
105374449
105374464
105374510
105374511
105374524
105374528
105374540
105374552
105374565
105374582
105374591
105374593
105374597
105374600
105374618
105374624
105374625
105374627
105374629
105374630
105374631
105374634
105374642
105374647
105374652
105374655
105374658
105374659
105374676
105374677
105374678
105374685
105374690
105374693
105374698
105374701
105374715
105374716
105374736
105374749
105374754
105374764
105374769
105374771
105374774
105374780
105374786
105374789
105374802
105374811
105374822
105374855
105374873
105374885
105374894
105374904
105374911
105374925
105374928
105374943
105374945
105374951
105374956
105374961
105375001
105375012
105375013
105375074
105375077
105375113
105375114
105375115
105375132
105375146
105375150
105375161
105375170
105375172
105375176
105375181
105375207
105375224
105375228
105375233
105375240
105375253
105375266
105375267
105375268
105375273
105375278
105375283
105375341
105375342
105375344
105375345
105375369
105375371
105375380
105375382
105375387
105375392
105375396
105375405
105375441
105375448
105375451
105375463
105375472
105375473
105375475
105375477
105375484
105375501
105375509
105375517
105375523
105375527
105375538
105375541
105375553
105375556
105375557
105375570
105375577
105375599
105375610
105375613
105375623
105375630
105375633
105375635
105375638
105375694
105375696
105375704
105375705
105375706
105375707
105375713
105375732
105375734
105375743
105375744
105375746
105375747
105375750
105375751
105375754
105375759
105375773
105375822
105375825
105375826
105375836
105375843
105375844
105375851
105375855
105375860
105375861
105375871
105375875
105375888
105375889
105375890
105375894
105375903
105375911
105375913
105375924
105375929
105375931
105375936
105375937
105375957
105375970
105375971
105375972
105375974
105375976
105375977
105375983
105375992
105375997
105376026
105376034
105376041
105376042
105376078
105376085
105376105
105376116
105376121
105376124
105376126
105376127
105376139
105376158
105376196
105376223
105376230
105376233
105376236
105376239
105376243
105376244
105376272
105376276
105376314
105376348
105376351
105376354
105376363
105376375
105376382
105376387
105376425
105376426
105376435
105376440
105376474
105376480
105376483
105376484
105376490
105376493
105376548
105376550
105376556
105376567
105376570
105376571
105376580
105376592
105376593
105376594
105376596
105376602
105376603
105376605
105376607
105376617
105376619
105376626
105376633
105376650
105376654
105376671
105376672
105376679
105376680
105376681
105376686
105376744
105376745
105376748
105376762
105376832
105376854
105376975
105376992
105377043
105377067
105377110
105377134
105377144
105377158
105377165
105377196
105377199
105377209
105377247
105377248
105377253
105377256
105377267
105377272
105377283
105377289
105377295
105377307
105377329
105377378
105377383
105377407
105377417
105377420
105377441
105377447
105377448
105377462
105377466
105377473
105377476
105377490
105377492
105377503
105377512
105377530
105377543
105377548
105377556
105377565
105377573
105377585
105377602
105377606
105377622
105377656
105377663
105377667
105377670
105377671
105377672
105377684
105377687
105377700
105377701
105377703
105377709
105377724
105377732
105377740
105377742
105377782
105377796
105377797
105377848
105377858
105377860
105377862
105377871
105377885
105377891
105377901
105377918
105377921
105377922
105377923
105377924
105377935
105377940
105377957
105377959
105377962
105377964
105377975
105377979
105377982
105377989
105377997
105378005
105378013
105378020
105378027
105378029
105378032
105378047
105378065
105378066
105378073
105378078
105378084
105378085
105378093
105378111
105378118
105378120
105378146
105378147
105378179
105378198
105378208
105378210
105378211
105378213
105378217
105378239
105378247
105378268
105378283
105378308
105378311
105378318
105378328
105378333
105378340
105378375
105378385
105378386
105378397
105378402
105378425
105378464
105378470
105378516
105378519
105378531
105378557
105378560
105378604
105378622
105378626
105378656
105378662
105378672
105378675
105378706
105378712
105378716
105378736
105378737
105378739
105378753
105378758
105378763
105378769
105378786
105378787
105378788
105378797
105378811
105378819
105378824
105378828
105378831
105378844
105378849
105378850
105378852
105378853
105378858
105378880
105378890
105378909
105378916
105378930
105378934
105378963
105378969
105378976
105378979
105378992
105378998
105379006
105379011
105379013
105379028
105379033
105379036
105379041
105379051
105379057
105379066
105379069
105379078
105379080
105379082
105379098
105379110
105379127
105379130
105379132
105379191
105379224
105379301
105379330
105379362
105379364
105379369
105379380
105379385
105379388
105379392
105379396
105379675
105379829
105379839
1054
10541
10544
105447648
10549
10550
10553
10554
10556
10558
10559
10560
10561
105616916
10562
10563
10564
10565
10567
10568
10574
105755953
10578
10579
10580
105827617
10588
10592
10597
10598
10600
10602
10613
106144529
106144531
106144533
106144537
106144541
106144568
106144578
106144585
106144592
106144608
106146149
10616
10617
10618
106182249
10620
10622
10628
1063
10637
10640
10643
10644
10645
106456574
106479524
106480429
106480440
10651
10655
10656
10658
106635543
106635684
10665
10666
106660605
106660606
106660609
106660610
10667
10668
10671
10672
1068
10686
10687
1069
10691
10693
10699
107
1070
107080627
107105278
10713
107133515
10714
107161151
10717
10718
10721
10725
10726
10732
10743
10745
10746
10747
10755
10758
10761
10766
10768
10769
10771
10777
10780
10786
10787
10788
10793
10797
107983974
107983999
107984005
107984009
107984012
107984018
107984098
107984117
107984123
107984158
107984172
107984195
107984203
107984206
107984218
107984226
107984237
107984241
107984252
107984255
107984270
107984322
107984324
107984325
107984345
107984377
107984402
107984413
107984421
107984426
107984428
107984433
107984439
107984461
107984466
107984497
107984503
107984504
107984516
107984522
107984533
107984597
107984637
107984642
107984700
107984732
107984755
107984764
107984773
107984782
107984819
107984830
107984871
107984903
107984931
107984942
107984953
107984963
107984974
107984977
107984990
107984992
107985001
107985014
107985015
107985038
107985072
107985080
107985092
107985144
107985167
107985172
107985173
107985181
107985194
107985213
107985236
107985254
107985280
107985287
107985307
107985312
107985352
107985365
107985375
107985384
107985406
107985443
107985456
107985462
107985463
107985483
107985485
107985490
107985502
107985508
107985518
107985519
107985534
107985535
107985767
107985792
107985806
107985808
107985810
107985820
107985839
107985844
107985856
107985879
107985925
107985950
107985953
107985960
107985965
107985983
107986009
107986011
107986064
107986079
107986131
107986136
107986138
107986142
107986160
107986163
107986164
107986165
107986166
107986178
107986197
107986198
107986226
107986229
107986266
107986270
107986271
107986277
107986287
107986294
107986311
107986322
107986366
107986376
107986380
107986383
107986389
107986391
107986400
107986402
107986408
107986411
107986414
107986432
107986448
107986449
107986465
107986473
107986521
107986550
107986562
107986573
107986575
107986579
107986605
107986631
107986636
107986638
107986639
107986700
107986739
107986743
107986749
107986770
107986772
107986777
107986782
107986790
107986809
107986816
107986818
107986820
107986821
107986824
107986829
107986837
107986838
107986841
107986895
107986898
107986925
107986942
107986945
107986946
107986951
107986954
107986964
107986972
107986979
107986980
107987013
107987014
107987087
107987097
107987099
107987100
107987106
107987108
107987123
107987126
107987247
107987295
107987330
108
1080
10801
10804
10806
10813
10817
10824
10826
10827
10841
10844
10846
10855
10856
10858
10859
10863
10867
10873
10874
1088
10880
10885
10886
10887
1089
10890
108903150
10891
10893
109
10904
10905
10911
10913
10917
10920
10923
10926
10927
10928
10933
10939
10941
10952
10953
10954
10955
10957
10960
109616960
109616963
109616966
109616969
109616994
109617001
109617005
109617011
109617016
109617025
109623459
109623460
10964
10970
10971
109729131
109729132
109729133
109729141
109729147
109729162
109729164
109729166
109729169
109729172
109729173
109729174
10973
10981
10982
10983
11005
11009
110091775
11011
11013
11016
1102
1103
11030
11031
1104
11046
1105
11051
11052
11055
11057
110599583
1106
11060
11064
11069
11072
11075
110806276
110806285
110806286
11082
11083
110841581
11085
11095
11098
11104
111082988
111082993
1111
11112
11113
1112
111216275
111216282
111216284
111216285
11126
11127
11128
11130
11135
11138
1114
11141
11142
11145
11152
11155
11157
11162
11165
11167
1117
11170
11172
11174
11176
11177
11179
1118
11183
1119
11190
11197
112
11214
11215
11221
112267868
112267890
112267908
112267915
112267944
112267969
112267983
112267986
112268009
112268015
112268017
112268030
112268038
112268039
112268064
112268068
112268124
112268136
112268150
112268156
112268176
112268184
112268206
112268227
112268234
112268235
112268241
112268293
112268431
112268449
11227
11228
1123
11231
11232
11235
11237
112399
1124
11243
11244
112441432
112441433
11245
112488738
11249
11252
11254
112543493
11257
11259
112611
112616
11274
112744
11275
11276
1128
112802
112806053
11281
11283
112840934
112869
112885
1129
112935892
112935969
112937
112942
113
1130
11309
1131
11311
113115
11318
11320
113201
11321
113220
113235
113263
113277
113278
11328
11332
11336
1134
11341
11342
11343
113451
113523636
1138
114
114004397
114036
114042
114088
114112
114131
1142
114294
114327
114515518
114515520
114625
114770
114780
114784
114786
114788
114789
114792
114793
114795
114798
114800
114801
114804
114805
114814
114815
114818
114818278
114819
114821
114825
114827
114876
114879
114880
114883
114884
114885
1149
114904
114907
114908
114926
114984
114991
115
115123
115201
115209
115273
115286
115290
115294
115352
115353
115362
115426
115482686
115677
115701
115704
115761
115811
115825
115827
115830329
115891964
115908
115948
116092
116093
1161
116123
116154
116159
116224
116228
116255
116328
116372
116435281
116435299
116441
116442
116443
116449
116496
116511
116804918
116832
116931
116966
116984
116987
117145
117154
117157
117178
117194
117196
117245
117248
117531
117532
117581
117583
117584
1176
117608
1178
1179
118
1180
1183
118426
118427
118429
118491
118611
118663
118670
118738
118788
118812
118813
118827814
118924
119
1191
119180
119369
119392
1195
119548
119559
1196
119692
1197
119710
120103
120114
120224
120227
120237
120406
120526
120939
121006
121009649
121130
121214
121232377
121233925
121260
121274
1213
121355
121456
1215
121506
121512
121536
121551
121601
121725057
121793
121832806
121838
122011
122060
122394732
122455338
122526779
122539214
122786
122830
122965328
123041
123099
123169
123207
123228
123263
1233
123346
123355
123606
123624
123688
123706511
123706544
123706550
123720
123811
123872
123920
123987602
124149
124188259
124274
124359
124402
124446
124540
124599
124751
124842
124872
124900179
124900180
124900186
124900191
124900192
124900197
124900198
124900204
124900205
124900209
124900217
124900219
124900221
124900222
124900223
124900225
124900227
124900229
124900230
124900236
124900237
124900238
124900239
124900240
124900241
124900243
124900247
124900254
124900256
124900264
124900267
124900275
124900277
124900283
124900295
124900298
124900300
124900303
124900310
124900313
124900317
124900325
124900329
124900330
124900332
124900337
124900343
124900345
124900346
124900349
124900366
124900369
124900371
124900377
124900387
124900393
124900395
124900403
124900409
124900421
124900422
124900429
124900438
124900440
124900444
124900446
124900473
124900481
124900496
124900503
124900517
124900519
124900520
124900528
124900534
124900538
124900539
124900542
124900548
124900554
124900557
124900559
124900562
124900563
124900594
124900599
124900607
124900612
124900637
124900664
124900674
124900687
124900688
124900691
124900694
124900696
124900702
124900707
124900714
124900770
124900777
124900778
124900781
124900809
124900810
124900818
124900838
124900842
124900868
124900869
124900883
124900885
124900893
124900933
124900936
124900945
124900947
124900950
124900957
124900974
124900976
124900983
124900989
124901004
124901007
124901023
124901024
124901043
124901051
124901052
124901069
124901075
124901076
124901122
124901131
124901139
124901168
124901173
124901176
124901181
124901197
124901220
124901245
124901247
124901251
124901255
124901282
124901296
124901310
124901333
124901338
124901339
124901348
124901351
124901358
124901370
124901380
124901392
124901404
124901405
124901426
124901427
124901432
124901437
124901447
124901456
124901457
124901465
124901488
124901497
124901499
124901505
124901507
124901508
124901528
124901574
124901581
124901583
124901584
124901604
124901612
124901619
124901626
124901628
124901635
124901661
124901667
124901692
124901699
124901701
124901730
124901737
124901744
124901766
124901782
124901789
124901804
124901813
124901827
124901858
124901881
124901902
124901924
124901936
124901944
124901948
124901950
124901952
124901968
124901969
124901971
124901990
124901992
124902005
124902009
124902013
124902020
124902021
124902026
124902027
124902045
124902057
124902063
124902069
124902070
124902073
124902078
124902079
124902081
124902114
124902128
124902134
124902139
124902178
124902179
124902195
124902212
124902226
124902267
124902371
124902403
124902408
124902410
124902436
124902437
124902438
124902439
124902447
124902468
124902473
124902518
124902532
124902534
124902537
124902542
124902544
124902546
124902549
124902558
124902596
124902606
124902611
124902629
124902654
124902681
124902744
124902751
124902752
124902757
124902762
124902786
124902794
124902799
124902814
124902825
124902826
124902828
124902847
124902865
124902896
124902897
124902955
124902961
124902968
124902969
124902978
124902991
124903002
124903026
124903027
124903049
124903085
124903091
124903094
124903098
124903148
124903160
124903162
124903183
124903230
124903245
124903333
124903342
124903346
124903349
124903353
124903357
124903376
124903394
124903421
124903423
124903448
124903478
124903487
124903489
124903490
124903494
124903495
124903501
124903536
124903541
124903553
124903561
124903564
124903568
124903656
124903670
124903684
124903689
124903718
124903729
124903730
124903741
124903742
124903744
124903808
124903834
124903903
124903906
124903917
124903926
124903934
124903938
124903940
124903951
124903956
124903957
124903983
124904020
124904039
124904047
124904049
124904052
124904060
124904115
124904122
124904151
124904157
124904161
124904186
124904187
124904202
124904208
124904219
124904223
124904242
124904256
124904275
124904291
124904299
124904311
124904337
124904358
124904360
124904403
124904404
124904420
124904423
124904428
124904434
124904445
124904450
124904472
124904475
124904476
124904478
124904480
124904498
124904501
124904505
124904510
124904518
124904522
124904530
124904538
124904541
124904552
124904553
124904558
124904559
124904606
124904666
124904681
124904682
124904685
124904728
124904732
124904744
124904778
124904808
124904812
124904874
124904875
124904931
124904933
124904936
124904963
124904999
124905012
124905111
124905139
124905143
124905150
124905171
124905179
124905247
124905258
124905265
124905266
124905271
124905594
124905950
124905956
124905962
124905974
124906005
124906022
124906031
124906046
124906055
124906090
124906103
124906107
124906115
124906120
124906146
124906189
124906194
124906195
124906209
124906230
124906265
124906267
124906302
124906318
124906319
124906343
124906346
124906347
124906379
124906382
124907726
124907735
124907748
124907752
124907754
124907862
124907871
124907878
124907909
124907946
124907978
124907986
124907995
124907996
124907998
124908049
124908056
124908063
124909346
124909374
124909396
124909397
124909412
124909423
124909439
124909451
124909463
124909464
124912
124989
124997
125115
125150
125177373
125488
1259
125919
125981
1260
126068
126069
126070
1261
126231
126248
126272
126282
126433
126526
126568848
126767
1268
126820
126859
126868
126917
127018
127138864
127138865
127138867
1272
127253
127254
127396
127428
127435
127495
127544
127602
127623
127665
127700
127703
127795
1278
127814297
127829
127903862
128031837
128071543
128092251
128092252
128178
128209
128229
128322
128344
128368
128372
1284
128488
1285
128553
128602
128611
128637
128674
1287
128710
1288
128821
128869
1289
128954
128966558
128966703
1291
129285
129293
1293
129446
1295
129521
129563
129642
129684
129685
1297
129831
129852
129880
130013
130026
130075
1301
130106
130271
130340
130399
130502
130507
130540
130576
1306
130733
1308
130827
130951
1310
131034
131368
131375
1314
131405
1315
131583
131601
1317
131920
131965
132
132001
132204
132299
132430
1326
1327
132720
132789
132864
132884
1329
132946
132954
133060
133121
133308
133383
133396
133482
133584
133619
133686
133690
133746
133874
134083
134145
134265
134353
134359
134429
134430
134492
134510
134701
1350
135112
135138
135152
135154
135228
135295
1353
135398
1356
135886
135924
135946
1360
136051
1362
136242
136259
136288
1363
136319
136332
1364
1365
1368
136991
1371
137196
1373
137392
1374
137695
137735
1378
137868
137872
137886
1379
137902
137970
1380
138009
138046
1381
138199
138240
138241
138255
138474
1385
138639
138649
1387
1390
139105
1392
139212
1393
139411
139596
139604
139716
139728
139760
139818
1400
1404
140460
140462
140469
140564
140576
140578
140606
140609
140625
140678
140686
140689
140690
140691
140699
1407
140707
140711
140733
140735
140739
140766
140801
140803
140823
140832
140836
140881
140883
140901
1420
142827
1429
142913
143
143187
1432
143279
143282
143384
1434
143458
1435
143501
143570
1436
143662
143689
1437
143872
143879
1439
1441
144100
144132
144195
144233
144347
144348
144481
144486
1445
144568
144577
1446
144608
144699
1447
144742
144809
144817
144920
145173
145258
1453
145407
145508
145553
145567
145581
1456
145694
145741
145773
145781
145788
145858
1459
145942
145946
145957
145978
146
146050
146057
1462
146206
146212
146223
146279
146434
146562
1466
146664
146691
146845
146850
146857
146861
146894
146909
146956
147
1470
147004
1471
147183
1473
147339
147372
147463
147495
147525
147650
147657
147694
147710
1478
147804
147837
147920
147929
147949
147968
148103
148109
148145
148156
1482
148203
148254
148266
148281
148362
148418
148423
148581
148641
148741
148756
148789
148867
148979
149047
149076
149086
1491
149111
149134
149233
1493
149465
1495
1496
149603
149647
149699
149773
149830
149837
149840
1499
149951
150
150000
1501
150185
150297
1503
150350
150365
150379
150383
150465
150596
150622
150677
150678
150681
150684
150709
1508
150864
150935
150962
150967
1510
151056
1511
151112
151121
151126
151171
151188
151194
151195
1512
151254
151258
151313
151354
151393
151449
151473
1515
151525
151531
151556
151742
151760
151963
151987
152
152002
152006
152007
152078
152110
152118
152137
152138
152189
152273
1523
152330
152404
152485
1525
152503
152518
152573
152579
152742
152789
1528
152815
152816
152877
153020
153090
153129
153163
153201
153218
153241
153328
153339
153443
153469
153478
153527
153571
1536
153768
153769
153830
153910
154
154007
154043
154075
154089
154091
154092
154150
154197
154214
154215
154313
154386
154449
154467
154661
154664
154743
154796
154810
154822
154865
154907
155054
155060
155061
155435
1558
156
1562
1564
157285
1573
157376
157378
157381
157506
157567
157638
157680
157695
157697
1577
157739
157753
157807
157855
157869
1579
157922
157927
158035
158038
158046
158135
158158
158219
158234
158257
158293
158314
158358
158399
1584
158401
158431
158434
158435
158471
158506
158572
158747
1588
158835
159090
1591
159195
1592
159296
1593
159371
1595
159686
159963
159989
16
160
1600
160065
1601
1602
160313
160335
1604
160418
160428
160492
1605
160518
1606
1607
160760
160762
1608
160851
160897
161
161142
161159
1612
161357
161436
161502
161582
161725
161742
161823
162
162073
1622
162282
162333
162387
162427
162517
162655
1628
162962
162963
162966
162967
162972
162989
163050
163051
163087
163131
163227
163255
163259
1633
163404
163479
163486
1635
163742
163782
163859
164
164045
164127
1643
164380
164395
1644
1647
164781
164832
165055
165257
165324
1655
165530
1656
165631
165679
1657
1659
166
1660
1662
166336
166378
166379
1666
166614
166647
166752
166793
166824
166929
166968
166979
1671
167227
167359
167465
167555
167681
167691
1678
167826
167838
168374
168433
168448
168507
168667
1687
168850
168975
169026
169044
169166
169200
169355
169436
169792
169981
170067
170082
170261
170371
170384
170392
170572
170591
170622
170627
170689
170690
170691
170692
170712
170825
170850
170958
170960
170961
171019
171023
171024
171425
171483
171484
171546
171558
1718
1720
1727
1729
173
1730
1737
1738
174
1740
1741
1745
1747
1749
1756
1761
1767
1768
1769
1770
1776
1780
1781
1783
1785
1786
1787
1789
1793
1794
1798
1803
1804
1805
1806
1807
1808
1809
1812
1813
1814
182
1821
1826
1827
183
1831
1832
1836
1837
1838
1839
1841
1847
185
1854
1857
1859
186
1875
1879
1889
1894
19
190
1901
1903
1906
1909
191
1911
1912
1915
192134
192668
192683
1937
1946
1947
1955
1956
195814
195827
1959
196
196051
196264
196335
196446
196527
196951
196968
196996
197131
197135
1977
1978
1979
1982
1984
199
1990
1992
199221
1993
1994
199857
199899
1999
199920
200010
200035
2001
200132
200159
200162
2002
200373
2004
200403
200407
200424
2005
200504
200558
200576
200728
200734
200844
200845
200895
2009
200916
2011
201134
201163
201164
2012
201266
201283
2013
201305
2014
201475
201477
201501
201595
201625
201626
201633
2017
201798
201799
201853
202
202018
202151
202243
202299
202309
202333
202559
2028
2029
2030
203102
203197
203228
203238
203245
2034
203427
2035
203522
203547
2036
2037
203859
204
2042
2043
2045
2047
204962
205147
2053
2054
205428
2055
205564
205717
2059
2060
206412
206426
2066
2069
2070
207063
207147
2072
2074
2078
2081
2099
2100
2103
2104
2107
2108
2113
2114
2115
2119
2120
2122
2124
213
2131
2137
2138
2139
2140
2146
2149
2150
2153
216
2162
2172
2173
2175
2178
2181
2184
2185
2186
2188
2192
219285
219287
219333
219348
219409
2195
219525
219527
219557
219578
219621
219670
219681
219699
219736
219771
219793
219854
219855
219858
219865
219869
219899
219931
219938
219956
219968
219970
219972
219981
219982
2200
220042
220047
220081
2201
220108
220164
2202
220202
220388
220429
220929
220963
220965
220972
220980
220992
221002
221035
221037
221061
221074
221154
221178
221188
221191
221223
221264
221294
221301
221322
221336
221391
221393
221409
221443
221458
221468
221476
221496
221504
221662
221687
221692
221711
221749
221756
221786
221806
221833
221895
221908
221927
221935
221937
221981
222068
222166
222171
222183
222223
222235
222255
222256
222389
222545
222546
222553
222584
222643
222662
222696
222865
223
2230
223082
223117
2239
224
2241
2243
2245
2246
2247
2248
2251
2257
2258
2259
2260
2264
2267
2271
2272
2273
2274
2277
22794
22795
22796
22797
22798
2280
22800
22801
22802
22806
22807
22808
22828
22835
22836
22837
22841
22844
22847
22848
22849
22853
22854
22856
22859
22862
22866
22869
22871
22873
22875
22876
22877
22878
22879
22881
22883
22885
2289
22890
22895
22897
22898
22902
22903
22905
22906
22907
22909
22913
22921
22924
22925
22927
22929
22936
22937
22941
22948
22950
22953
22954
22955
22976
22978
22979
22980
22982
22984
22985
22986
22987
22989
2299
22992
22993
22995
22997
22998
22999
2300
23002
23005
23007
23011
23012
23014
23019
23022
23023
23024
23026
23028
23030
23034
23035
23036
23037
23038
23040
23041
23043
23047
23048
23051
23052
23054
23057
23060
23062
23063
23064
23070
23071
23072
23075
23078
2308
23080
23081
23085
23086
23087
2309
23091
23092
23093
23094
23095
23096
23097
23099
231
23101
23102
23105
23107
23108
23112
23114
23116
23118
23122
23126
23127
2313
23131
23132
23133
23136
23139
23140
23142
23143
23150
23152
23158
23161
23164
23167
23168
2317
23170
23171
23174
23175
23179
23180
23181
23184
23185
23186
23189
23191
23193
23194
23195
23196
23197
23200
23201
23207
23208
2321
23210
23213
23214
23215
23216
23217
23219
2322
23220
23224
23225
23228
23230
23231
23232
23233
23235
23236
23239
23240
23241
23242
23243
23247
23250
23251
23252
23254
23255
23261
23262
23265
23266
23268
23271
23274
23279
2328
23281
23283
23284
23286
23293
23294
23299
2330
23301
23302
23304
23306
23307
2331
23312
23313
23314
23315
23316
23317
23321
23322
23326
23327
23328
23329
23331
23332
23333
23336
23338
2334
23345
23347
23348
23349
2335
23355
23358
23359
23362
23365
23367
23369
23376
23379
23381
23382
23383
23384
23386
23387
23390
23392
23394
23397
23403
23408
23411
23414
2342
23421
23423
23424
23426
23429
23432
23434
23439
23440
23443
23461
23469
23471
23474
23476
23478
23479
2348
23480
23483
23492
23493
23495
23498
23499
23504
23505
23507
23510
23511
23512
23514
23516
23517
23518
2352
23522
23523
23530
23531
23532
23533
23543
23545
23548
23549
2355
23550
23553
23554
23555
2356
23566
23567
23568
2357
23576
23586
23594
23597
23600
23603
23604
23607
23613
23626
23629
23630
23635
23639
23643
23648
23649
23670
23671
23673
23677
23678
23705
23710
23731
23732
23760
23762
23765
23767
23774
238
24
240
241
24137
24138
24139
24145
24147
242
245802
245913
245938
245939
245972
245973
246126
246175
246184
246213
246243
246269
246777
2475
2491
2492
2494
25
2524
252839
252884
252952
252969
2530
253012
253017
253018
253128
253260
253264
2533
2534
253430
253461
253558
253573
253582
253714
253769
2539
253943
253970
254042
254048
254065
254128
254225
254251
254268
2543
254312
254531
254559
2547
254778
254827
254896
255104
255119
255130
255167
255187
255231
2553
255324
255349
255403
255426
255488
2555
2556
255631
2557
2559
255928
255967
2560
256006
256021
256051
256130
256144
256227
256369
256380
256435
256471
2565
256536
256586
2566
256691
2567
256764
256880
2569
256933
256987
257019
257044
257068
2571
257101
257160
257177
257194
257203
257218
257240
257313
25758
25766
25769
25771
25780
25782
25788
25791
25793
25797
25801
258010
25814
25816
25820
25825
25827
25836
25841
25842
25847
25849
2585
25850
25852
25853
25854
25861
25862
2587
25874
25886
2589
25891
25894
25897
2590
25900
25902
25903
25907
25921
259230
259232
259239
259240
259249
25925
25927
25928
259282
259283
259287
25929
25936
25937
25943
25945
25949
2595
25950
25953
25956
25976
25987
25988
25994
25998
26002
26005
26009
26010
26011
26018
26022
260293
26031
26033
260341
26035
26037
26039
26040
260425
26043
26047
26049
26051
26052
26053
26056
26057
26059
26064
26065
26074
26088
26090
26093
26098
26099
26108
26115
26118
26122
26127
26128
26137
26138
26146
26147
26152
26157
26166
2617
2618
26184
26191
2620
26205
26207
26225
26227
26228
26230
26232
26234
26235
26240
26248
26249
26251
26253
26258
26259
26266
26267
26268
2627
26271
26272
26273
26275
26276
26280
26281
26286
26287
26289
26290
26297
26298
2633
2635
2638
2641
2642
2645
2649
26493
265
2650
26505
26507
26509
2651
26511
26524
26529
26532
26539
26548
26574
26575
26577
26578
26589
26595
2660
26608
266553
26658
266722
266727
2669
266977
267
2672
2673
2674
26747
2675
26750
26751
26766
26767
2681
26834
269
2690
2691
2693
2694
26953
26958
26959
2696
26960
2697
26974
26986
26993
26996
26998
26999
27
2700
27004
27010
27012
27019
2702
27020
27023
2703
27032
27042
27043
27044
2706
27063
27067
27068
27069
27071
27072
27075
27079
27085
27086
27091
27092
27095
27097
27098
27107
27109
27115
2712
27120
27122
27125
27127
27133
27143
27145
27146
27147
27152
27161
27163
27164
27165
2717
27175
27179
27181
27185
2719
27198
27199
272
27230
27233
27236
27241
27244
27245
27247
27249
27252
27253
27255
27257
27258
27283
27284
27286
2729
27290
27291
27295
27296
27297
273
2730
27301
27302
27303
27324
27327
27332
27333
27339
2734
27344
27345
27347
27351
2737
2739
274
2740
2741
2742
27436
2744
27445
2746
2760
2762
2766
2768
2770
2774
2776
2781
2793
2797
2799
2817
2820
2823
28232
2824
2825
282679
2827
282808
2829
282980
282991
282996
283033
283050
283080
283089
2831
283104
283140
283143
283149
283152
283159
28316
283160
283171
283194
283212
283299
283310
283314
283358
283373
283383
283387
283392
2834
283403
283422
283431
283435
283440
283446
283450
283455
283464
283471
283480
283483
283486
283514
283521
283537
283547
283551
283575
283576
283596
283598
283601
283624
283652
283659
283682
283685
283688
283692
283742
283761
283767
283777
283847
283867
283953
284
284001
284021
284040
284058
284080
284085
284086
284123
284161
284215
284217
284240
284241
284252
284260
284273
284309
284323
284344
284348
284352
284355
284358
284371
284390
284395
284434
284440
284443
2845
284525
284546
284576
284581
284611
284632
284656
284661
284695
284749
284759
284788
284798
2849
284900
284930
284948
284950
284996
285000
285045
285051
285097
28512
28513
285150
285154
285195
285203
285220
285242
285268
285282
285286
285311
285313
285326
285331
285370
285386
285389
285419
285441
285456
285500
285521
285525
285527
285540
285555
285577
285590
285593
285622
285626
285627
285638
285668
285671
285704
285735
285761
285768
285780
285782
285796
285834
285852
285987
286
286002
286006
286042
286046
286053
286094
2861
286101
286133
286135
286140
286144
286178
286183
286184
286186
286189
286204
286205
286238
2863
286343
286370
286411
286442
286451
286530
286749
286826
286828
2869
287
288
2880
2887
2888
2889
2890
2891
2893
2894
2895
28957
28960
28962
28965
28966
28969
2897
28971
28973
28977
2898
28981
28983
28984
28992
28996
28998
28999
290
29028
2903
29035
2904
29057
29058
29062
29063
29066
29071
29074
2908
29088
29089
2909
29090
29091
29095
29102
29103
29106
2911
29113
29115
29116
29119
29121
29123
29124
29127
29128
2913
2914
2915
2918
2919
2921
2923
2926
2932
2934
2936
2938
2940
2947
2961
2963
2971
2972
2974
29766
2977
29775
29780
29785
29789
29796
29798
29799
2980
2982
2983
29842
29851
29855
2986
29887
29889
29904
29914
2992
29922
29929
29934
29937
29940
29942
29951
29957
29967
29968
29969
29970
29974
29978
2998
29988
29994
29995
30000
3001
30010
30011
3007
3012
3017
3018
302
3020
3036
3038
3052
306
3062
3064
3065
3066
3067
3068
3069
307
3074
3075
308
3082
30820
30833
30834
30836
3084
30846
30849
3087
3090
3091
3092
3094
3096
3097
3098
31
3106
3107
3109
311
3111
3112
3122
3127
313
3131
3133
3141
3142
3146
3148
3149
3155
3156
3157
3163
317
3174
3176
317649
317761
318
3187
319
319089
3191
319100
320
321
3223
3229
323
3231
324
3240
3241
3242
3257
3263
326342
3267
3268
3269
3274
3275
3280
3281
3283
3284
329
3293
3298
330
331
3320
3326
3329
334
3344
3351
3354
3360
3362
3363
3371
337867
337876
337880
338004
3382
338324
338382
338436
338440
338557
338588
338596
338599
338645
338651
338657
338661
338662
338699
338707
338811
338872
339175
339184
339210
339260
339263
339290
339298
339324
339327
339344
3394
339400
339479
339488
339501
339505
339512
339524
339529
339541
339568
339593
339622
339666
339685
339761
339789
339822
339829
339855
339862
339896
339926
339967
339976
339977
3400
340069
340073
340074
340075
340094
340107
340113
340156
340168
340252
340267
340273
340277
340286
340359
340419
340481
340485
340508
340515
340527
340591
340596
340654
340900
341019
341152
341567
3416
341640
341880
341883
342035
342132
342184
342357
342538
342850
342892
342909
342931
343035
3431
343578
343641
343990
3440
344018
344148
344167
344658
344752
344758
3448
344875
344887
344901
345051
345222
3454
345557
345651
345757
345895
3459
3460
346007
346157
346171
346288
346517
346525
346562
346689
346702
347273
347365
347404
347689
347730
347731
347732
347735
347736
347862
3480
348094
3482
348235
348378
3485
3486
348645
348825
348840
348980
3490
349075
349149
349152
349160
349565
350
351
3512
3516
352909
352990
352999
353134
353139
353189
353219
353299
353324
353497
3547
355
3551
3553
3554
3556
3557
3558
356
3567
3568
3569
357
3570
3575
3576
3578
358
3586
3592
3595
3597
359809
359948
36
3601
360132
3603
3604
3605
3606
3607
3609
3611
3612
3617
3619
3622
3624
3631
3632
3638
3641
3643
3646
3655
3656
3658
3660
3662
367
3670
3672
3673
3676
368
3680
3684
3688
3690
3693
3694
3695
3696
3698
3702
3705
3707
3708
3709
3712
3714
3716
3717
3720
3725
373
373156
3738
374
374286
374393
374407
374462
374470
374618
374655
3747
374786
374819
374868
374955
374986
374987
375056
375057
3751
375189
375190
3753
375323
375337
3754
375449
3755
375567
3756
3757
375748
3759
375940
3763
376497
3772
3773
3775
3776
3778
3781
3782
3784
3786
3787
378805
378825
379
3790
3791
3796
3797
3799
38
3800
3815
3821
383
3834
3837
3838
3839
3840
3841
3842
3843
3846
3852
3853
386617
386627
387055
387066
387097
387111
387316
387357
387486
387496
387597
387601
387694
387707
387712
387718
387723
387748
387758
387775
387804
387810
387836
387841
387882
387911
387914
387923
388
3880
388121
388125
388284
388333
388336
388364
388403
388406
388456
388536
388550
388552
388555
388558
388633
388650
388743
388753
388759
388815
388818
3889
388942
388948
388951
388963
388965
389015
389033
389072
389199
3892
389208
389273
389320
389336
389337
389376
389421
389432
389434
3895
389541
389610
389658
389668
389676
389690
389766
389791
389852
389874
3899
390
390038
390054
390072
390077
390110
390174
390181
390195
390226
390260
390261
390265
390275
390429
390443
390445
390502
390561
390598
390616
390649
3908
390858
390882
390928
390956
390980
3910
391037
391059
391107
3912
391253
391257
391267
391475
3915
391714
3918
3920
392232
392255
392309
392391
392452
3925
392509
392636
3927
3938
3939
394
394263
3949
395
3950
3958
3964
397
3977
3983
3984
3987
399
3990
3991
3996
399665
399668
399670
399694
399697
399708
399715
399716
3998
399806
399814
399821
399833
399886
399900
399947
399959
399967
399979
40
4000
400027
400058
4001
400120
400123
400208
400221
400224
400236
400238
400258
400360
4004
400451
400499
400500
400508
400548
400618
400624
400655
400657
400685
400720
400743
400746
400757
400765
400794
400799
4008
400804
400823
400839
400866
400867
4009
400932
400935
400941
400945
400946
400950
400952
400954
400955
400958
400960
400997
400999
401010
401014
401036
401039
401103
401109
401134
401138
401145
401172
401177
4012
401233
401236
401237
401247
401262
401264
401265
4013
401303
401320
401324
401335
401337
401398
4014
401463
401474
401478
401491
401492
401497
401498
4015
401535
401554
401585
4016
401647
401665
4017
401898
402096
402117
402176
4023
402415
4026
403278
403282
403312
403314
403315
403323
4036
4037
4038
4040
404201
404220
4045
4047
404744
4048
4052
4053
405754
406
4064
4067
4068
406894
406929
406938
406940
406960
407006
407015
407020
4072
4076
407835
407975
4084
4087
4088
4089
4092
4093
410
4103
4104
411
4110
412
4121
4124
4125
4126
4128
4129
4130
4131
4133
4134
4135
4139
4140
414196
414236
414245
4143
4146
4147
414761
414764
4149
414919
414926
414927
4153
4154
4158
416
4161
4163
4166
4172
4173
4174
4179
4190
4199
4200
4204
4205
4208
4210
4211
4212
4215
4216
4223
4233
4238
4240
4242
4249
4253
4254
4256
4261
4277
4281
4288
4289
4291
4292
4293
4294
4295
4297
4299
430
4300
4301
4308
4311
4313
4314
4316
431704
431707
4318
4321
4322
4323
4329
4330
4332
4335
4336
434
4340
4342
4345
435
4352
4354
4363
439
439921
439927
439936
439941
439950
439996
440023
440067
440072
440077
440107
440131
440132
440275
440279
440292
440313
440390
440419
440446
440452
440461
440533
440584
440585
440700
440712
440714
440730
440738
440742
440900
440982
441024
441025
441027
441061
441094
441116
441178
441204
441208
441239
441242
441282
441355
441369
441374
441376
441389
441459
441461
441478
441509
441518
441728
441884
442028
442117
442184
442186
442191
442197
442213
442229
442245
442361
442425
442444
442454
442523
442720
442721
442900
442908
442911
442918
4430
4437
4439
444
444882
445347
445815
4477
4478
4482
448835
449520
4500
4502
4507
4522
4542
4544
4548
4552
4585
4589
4591
4593
4594
4598
4600
4602
4603
4605
4609
4616
4621
4627
4628
4629
463
4635
4638
4642
4643
4644
4645
4649
4650
4651
4653
4654
4659
4660
4661
4664
4668
467
4673
4674
4676
4678
4682
4684
4685
4688
4689
4693
4694
47
4710
4717
4720
4724
4726
4729
473
4733
4734
4739
4745
475
4753
4756
4760
4763
4773
4774
4775
4781
4792
4798
4799
48
4802
4803
4808
4810
4815
4825
483
4830
4831
4835
4836
4837
4842
4843
4850
4853
4854
4860
4862
4863
4867
4882
4883
4885
4886
4888
4897
4898
4899
4901
4905
4907
491
4915
4916
4919
4921
492303
492307
492311
4925
4927
493
493754
4938
493860
493869
4939
494115
494118
494141
494470
494558
4948
4967
4969
497048
4973
4976
4978
4982
4983
49855
4986
49860
4987
4988
4991
4993
4994
4998
4999
5000
5001
5007
501
5016
5019
5021
5027
5028
5033
5034
503582
5042
5048
50484
50485
50507
50508
50512
50514
50515
5053
5054
5058
50604
50617
50618
5062
50624
5063
50640
50649
50650
50652
5066
5069
5071
5073
5074
5075
5077
5078
50807
50813
5082
5083
50833
50834
50840
50859
50863
5087
5090
5091
5092
50937
50939
5094
50940
50944
5095
5096
50964
5098
5099
5100
51001
51008
51009
51010
51015
51018
51020
51022
5105
51050
51053
51056
51058
51060
51062
51065
51068
51072
51086
51088
51091
51099
51105
51106
51109
5111
51110
51112
51123
51126
51129
51133
51138
51141
51144
51151
51155
51156
51163
51166
51167
51174
51175
51177
51186
51188
51193
51194
51196
51199
51201
51202
51205
51208
5121
51213
51218
5122
51222
51227
51230
51232
51236
5125
51251
51256
51259
5126
51260
51267
51270
51271
51278
5128
51280
51284
51285
5129
51299
5130
51302
51303
51304
51305
51306
51307
51309
51312
51313
51314
51315
51317
51320
51321
51322
51334
51337
51338
51339
51341
51347
51348
51352
51360
51363
51366
5137
51371
51378
51380
51384
51385
5139
51390
51397
51399
5142
51421
51422
51426
51427
51429
51430
51433
51439
5144
51447
51449
5145
51451
51454
51455
51465
51466
5147
51473
51474
51478
51479
515
5150
5151
51514
5152
51520
51533
51538
51542
5155
51555
51557
51559
5156
51561
51566
51567
51569
51571
51574
51586
51588
51594
516
5160
51603
51604
51605
51606
5161
51617
51619
5162
51621
51634
51635
51637
51642
51646
51649
5165
51652
51660
51663
51665
51667
5167
51678
5168
51684
51700
51701
51704
51706
51710
51715
51719
5172
51720
51735
51744
5175
51752
51755
51760
51761
51762
51765
51773
51776
5179
51804
51806
51809
5188
5191
5193
5195
5196
5201
5203
5209
5212
5214
5217
5218
5223
5226
5229
5236
5238
5239
5243
5244
5245
5251
5253
5256
5257
526
5260
5266
5269
5270
5271
5274
5281
5287
5288
5291
5292
5295
5297
5298
5304
5305
5308
5314
5316
5319
5321
5324
5325
5329
5332
5333
53335
5334
53346
53353
53358
5337
5338
5340
53405
5341
5347
535
5351
5352
5359
5361
53616
5362
53630
5368
5372
5376
53832
53833
53840
539
53905
53917
5393
53942
53944
53947
5396
54
540
54014
54020
54036
54039
54072
54097
54103
5411
54112
54145
54147
541471
54149
54165
5420
54205
54207
54212
54221
5423
5427
5431
54331
54332
54360
54361
54363
54407
5442
54431
54434
54436
5444
54443
5445
54453
54454
54456
54462
54463
54469
54471
54476
54477
54487
54491
54496
54498
5450
54502
54504
54505
5451
54510
54511
54514
54517
54521
54522
54529
54531
54534
54535
54536
5454
54540
54541
54542
54544
54545
54546
54549
54556
54557
54558
5456
54566
54576
54578
54579
54583
54606
54617
5462
54622
5465
54664
54665
5467
54674
54680
54682
54704
54708
5471
54715
54718
54729
54733
54734
54737
54741
54749
5475
54756
54762
54765
54768
54769
54776
54778
5479
54796
54798
54802
54806
54807
54809
54814
54815
54816
54821
54822
54823
54827
54828
54838
54839
54841
54842
54843
54847
54855
54859
54865
54872
54873
54874
54877
54879
54880
54882
54885
54891
54892
54893
54894
54897
54899
549
54901
54906
54908
54914
54916
54920
54927
54928
5493
54932
54933
54938
54943
54946
54947
54948
54949
5495
5496
54960
54962
54964
54970
54974
54977
54978
5498
54986
54993
54996
54997
54998
55005
55006
550113
55016
55022
55025
55027
55034
55038
5504
55041
55054
55057
5506
55061
550643
55068
55069
5507
55071
55074
55075
55076
55083
55084
55086
55088
55089
55093
551
55100
55106
55108
55109
55112
55116
55117
55118
55120
55122
55124
55125
55128
55131
55135
55137
55140
55144
55149
5515
55151
55153
5516
55160
55164
55168
55170
55173
55174
5518
55182
55184
55186
55187
55188
55191
55192
55193
55195
552
5520
55203
55208
5521
55212
55214
55222
55225
55226
5523
55230
55231
55234
55236
55237
55240
55243
55244
55245
55248
55251
55255
55258
55260
55266
55268
55273
55275
55276
55277
55281
55282
55283
55284
552859
55286
55287
552889
55289
5529
55290
55291
55296
55297
5530
55303
55304
55312
55317
55319
55323
55326
55328
55329
55331
55339
5534
55341
55342
55346
55347
5535
55351
55352
55353
55356
55361
55362
55366
55370
5538
55384
554202
55421
55422
554236
554251
55435
55437
5546
5547
55472
55486
5550
55503
55504
55509
55510
5552
55521
55531
55532
55534
55552
55553
55556
55558
55565
55568
55576
55578
5558
55584
55604
55605
55607
55609
55610
55612
55614
55615
55616
55619
5562
55625
55626
5563
55634
55635
55636
55638
55647
55650
55653
55654
55656
55662
55665
55666
55667
55668
5567
55670
55677
55683
55686
55689
5569
55690
55691
55696
5570
55700
55703
55706
55711
55714
55716
55719
55726
55727
55731
55732
55733
55734
55740
55742
55744
55750
55751
55753
55754
55755
55756
55757
55758
5576
55762
55763
55764
55769
55776
55777
55781
55784
55786
55788
55789
5579
55790
55791
55795
55796
55799
558
55806
55809
5581
55811
55813
55816
55818
55819
55824
55829
5583
55832
55833
55835
5584
55840
55841
55843
55852
55855
55857
55859
5586
55862
55869
5587
5588
55884
55889
55893
55901
55902
55904
55905
55909
5591
55914
55915
5592
55922
5593
5594
55959
55966
55967
55970
55971
55972
55973
5599
5602
56034
5606
56063
5607
5608
56097
5612
5613
56134
56154
56155
56156
56157
56159
5616
56160
56163
56164
56165
56169
5617
56172
5618
56180
56204
5621
56242
56243
56245
56256
56259
56261
56262
56267
5627
56287
56288
5629
5630
5634
56341
5635
5641
5644
5646
56474
56477
56479
5648
5649
5651
56547
5660
56603
56606
56616
56624
5663
5664
56648
56650
56651
56655
56656
56659
56660
56663
56675
5669
56704
5671
56751
56776
56853
5686
5687
56882
56884
56886
56888
5689
56895
56896
56899
5690
56900
56902
56907
56910
56911
56913
56914
56919
56922
56923
56924
56929
56934
56935
56937
56938
56940
56941
56942
56943
56945
56946
56948
56950
56951
56953
56955
56956
56957
5696
56967
56977
56979
5698
56980
56981
56984
56985
56986
56987
56990
56994
56995
56998
56999
5700
57001
57003
57019
57020
57035
57037
5704
57047
57050
5706
57084
57088
57089
57094
57099
57101
57105
57107
5711
57110
57118
57136
57142
57146
57149
5715
57154
57156
57157
57159
57168
57169
5717
57178
57180
57181
57182
57186
57188
57191
57205
57209
57210
57211
57213
57214
57217
57222
57224
57228
5723
57231
5724
5726
5727
57291
573
5732
5733
57336
57337
57369
5737
5738
57381
57396
57405
57406
57408
57410
57412
57414
5744
57446
57449
574507
57451
57452
57458
57459
5746
57460
57466
5747
57471
57475
57476
57477
57478
57480
57482
57484
57486
57488
57491
57492
57495
57496
57497
57501
57502
57504
57507
57514
57519
57520
57521
57522
57528
57529
57531
57532
57533
57535
57536
57537
57539
57544
57545
57551
57552
57554
57556
57559
57562
57568
57569
5757
57573
57574
57580
57583
57584
57585
57586
57589
57591
57593
57594
57600
57604
57605
57608
57609
57616
57617
57620
57621
57623
57624
57626
57628
57630
57634
57636
57639
5764
57645
57653
57655
57665
57669
57670
57674
57683
57684
57685
57688
57689
57690
57691
57692
57698
577
5770
57700
57703
57705
57706
57709
57711
57713
57718
57720
57722
57724
57731
5774
5775
57761
57787
57795
57798
5780
57818
57821
57822
57824
57829
57835
5784
5786
5787
5788
5789
579
5791
5792
5793
5794
5795
5796
5797
58
580
5800
5801
5802
5803
5805
5806
5810
5814
58155
58160
5817
5818
5820
5825
5826
5828
5832
5834
5836
58472
58478
58480
58483
58486
58487
58488
58489
58490
58499
58500
58504
58508
58512
58513
58516
58517
58524
58527
58538
586
5860
5861
5865
5869
587
5872
5873
5874
5879
5885
5887
5890
5891
5894
59
590
5900
5906
59084
5911
5912
5915
5918
5921
5924
59269
59271
59277
5930
5931
5932
59336
59339
5934
59341
59342
59343
59350
59353
5936
5937
594
594842
594857
595
595101
5954
5955
596
5962
5966
597
5976
5978
598
5980
5981
5987
5990
5991
5992
5993
5996
5997
5998
5999
60
6000
6002
6005
6009
6013
6018
6019
60312
6037
60385
60386
604
6041
60412
60437
60467
60468
60481
60482
60490
60492
60494
60495
6051
60528
60560
606
60625
60674
60676
60682
60685
607
6092
6095
6098
6101
6118
6119
6121
6129
613
613266
6135
6142
6155
6156
618
619279
619351
6195
6196
6197
6203
6218
6227
6229
6235
6239
624
6240
6249
6252
6253
6257
6258
6259
6263
627
6272
6282
6290
6296
6297
63027
6303
63035
6309
631
6310
6322
6328
6334
6335
6338
634
6340
6348
635
6352
6355
636
6372
6375
6382
63827
6383
6385
6386
6387
63877
6389
63892
63893
63895
63898
639
6390
63901
63904
63905
63916
63917
63924
63925
63931
63933
63951
6397
63971
63974
63979
63982
64002
6401
6403
6406
64061
64065
64067
64080
64081
64084
64087
64089
64092
64093
64094
64096
64097
641
64100
64109
64116
64121
64123
64129
64132
6414
64145
64146
641467
641518
641648
641654
64167
6419
64208
64210
64215
64224
64225
642273
642394
6424
642489
6425
642587
642597
6426
642648
642659
642757
64282
64283
64288
642924
642938
642987
643
6430
643037
6431
643136
6432
643226
643236
64326
64327
64328
643339
643355
643365
6434
643401
643414
64342
643479
643529
64359
643623
643677
643680
643714
643723
64374
643803
643836
64388
64393
64395
643977
64398
643988
64399
644
64400
64403
644041
64407
64409
644093
6441
64410
64411
644135
644145
64418
644192
64420
644242
644248
64425
64427
64432
64433
6444
64446
6446
644649
644717
644759
644762
64478
644838
6449
64493
644943
644990
644994
6450
64506
645078
64518
645206
645212
645261
6453
645323
645355
645369
645432
645591
6456
645687
6457
645700
645752
64577
64579
645843
645961
646
646019
646030
646113
646168
6462
646300
646324
646383
646396
64645
646486
646588
646600
646603
646625
646626
646719
646730
6468
646851
64693
646951
646982
6470
647012
647024
647121
647166
647174
647190
6473
647309
6474
64744
64747
647476
64750
64754
64756
64759
64761
64764
64768
6477
64778
64781
64782
64783
64784
64785
64786
64793
64795
647979
64798
64799
6480
64800
64801
64816
6482
6483
64837
64839
6484
64843
64848
64850
64852
64854
64857
64859
64864
64866
6487
648791
6489
64901
6491
649179
64919
6492
64924
64927
6493
64951
64968
64979
64983
650
6500
65005
65009
6503
6505
65056
65059
6506
65061
6507
650747
6508
65084
6509
651
6510
6512
65124
65125
6514
651746
6519
652
65217
65243
6525
65251
65265
65268
653
6530
653067
653073
653121
653145
653149
653160
653247
653268
6533
653308
653427
653464
653483
653643
653653
6538
653857
654
6541
6543
654434
654463
654502
6546
654790
6548
6549
6558
6561
6564
6566
6567
6568
657
6575
6578
6579
658
6582
6586
6588
659
6591
6595
6597
65975
65979
65981
65983
65986
65987
660
6601
6603
66035
66037
6616
6617
6619
6622
663
6635
664
6641
6642
6647
6648
6649
665
6652
6653
6654
6658
6659
6660
6665
6667
667
6670
6671
6674
6675
6678
669
6692
6694
6695
6697
6699
670
6703
6706
671
6710
6711
6713
6715
6716
6721
6722
673
6732
6733
6744
6745
6747
6750
6764
6769
677
6770
6774
6775
6777
6778
677801
677809
677815
677846
6779
6780
6781
6782
6786
6788
6792
6793
6794
6804
6809
6812
6815
683
6839
6840
6843
6847
685
6850
6854
6857
6860
6862
6863
6867
6869
6872
6873
688
6885
6887
6888
6898
6902
6913
6916
6917
692084
692210
6924
6926
6928
693125
693131
693137
693139
693141
693142
693146
693147
693154
693157
693160
693162
693166
693168
693173
693174
693177
693180
693182
693191
693192
693199
693204
693205
693218
693219
693225
693230
693231
6934
6936
6938
6942
6948
6949
695
6954
6992
6998
6999
7003
7006
7007
7009
701
7010
7013
7016
7019
7021
7022
7024
7029
7030
7035
7037
7038
7039
7042
7043
7045
7046
7047
7048
7049
7053
7057
7060
7068
7071
7073
7074
7077
7078
7082
7086
7088
7090
7091
7092
7093
7098
7101
7102
7105
7107
7111
7114
7123
7135
7139
7143
7150
7151
7153
7155
7158
7159
716
7162
7163
7164
7168
7172
7173
7175
7186
7187
7189
72
7200
7204
7222
7224
7225
7227
723809
723972
724087
724102
7252
7253
7260
7265
7267
7270
7272
7273
7274
727677
727684
727838
727915
727944
727982
728012
728081
728084
728175
728192
728215
728239
728276
728290
7283
728327
728342
728402
728409
728434
728450
728464
728568
728586
728621
728637
728640
728655
728658
728660
728723
728724
728730
728752
728755
728773
7289
728927
729020
729041
729085
729178
7292
729305
729348
7294
729440
729467
729475
7295
729515
729582
729658
729665
729668
729681
729747
729767
729870
729920
729956
729970
729987
730051
730100
730101
730159
7302
730249
730338
7306
730755
730971
731
731220
7314
7316
731779
7319
7321
7322
732275
7324
7325
7326
7327
7328
7335
7336
7360
7363
7364
7365
7366
7373
7375
7385
7386
7389
7399
7401
7402
7405
7408
7409
7412
7414
7417
7424
7429
7431
7432
7434
7436
744
7443
7444
7447
7450
7456
7461
7465
7468
7472
7473
7474
7476
7478
7479
7482
7498
7503
7504
7511
7514
7516
7518
7520
7525
753
7531
7534
7535
7541
7553
7561
7566
7568
757
7570
7580
7582
7586
759
7620
7633
767
7675
768211
768218
768219
7690
7704
771
7711
7716
7726
773
7733
7737
7745
775
7753
7755
776
7763
7767
777
7776
7783
7789
7798
7799
780
7803
781
7812
783
7832
7837
7840
785
7850
7852
7857
7867
7871
7879
788
7881
78986
78990
78995
78996
78997
790
79001
79007
79009
79015
79017
79018
79020
79022
79024
79026
7903
79047
7905
79056
79058
79066
79068
79071
79073
79078
79083
79092
790952
790953
79096
79100
79109
7913
79134
79135
79145
79147
79148
79150
79154
79155
79156
79157
79160
79175
79184
79188
79191
79192
7923
79290
793
79363
79366
79368
79370
79400
7941
79413
7942
79442
79443
79446
79473
7955
79568
7957
79570
79571
79572
79573
79575
79577
79582
79587
79589
79591
79595
79598
79602
79603
79605
79607
79611
79612
79613
79616
79627
79628
79631
79632
79633
79642
79644
79645
79647
79648
79650
79656
79658
79659
79660
79664
79666
79667
79670
79674
79675
79677
79679
79683
79689
79691
79694
79695
79696
79698
797
79705
79706
79707
79710
79712
79718
79719
79720
79722
79726
79729
79730
79731
79733
79738
79740
79741
79745
79747
79750
79752
79754
79758
79759
7976
79772
79776
7978
79780
79781
79783
79785
79788
79789
7979
79794
79796
79799
79800
79802
79804
79810
79811
79813
79815
79817
79818
79819
7982
79822
79823
79827
79828
79830
79834
79836
79837
79839
79840
79842
79843
79846
79850
79858
79864
79865
79870
79871
79872
79875
79886
79890
79895
79897
79899
799
79901
79908
7991
79918
79925
79931
79932
79937
7994
79949
79953
79954
79969
79971
79973
79974
79977
79979
79986
79987
79990
79991
79993
800
80000
80003
80005
80006
80012
80014
80017
80018
80019
80021
80031
80036
80045
80059
80063
80071
801
80111
80114
80117
80124
80125
80129
80133
80144
80146
80149
80153
80176
80177
80183
8019
80195
80205
80206
80207
80208
8021
80210
80217
80219
80221
80223
80224
80232
80243
80255
80256
80258
80264
80267
80273
8028
8029
8030
80303
80306
80308
80309
80310
80312
80313
80315
80319
80321
80325
80333
8034
80342
80343
80345
80350
8036
8038
80380
80381
8048
8050
8061
80704
80705
80709
80712
80723
80726
80728
80731
80745
80746
80759
80760
80777
8078
80790
808
80816
8082
80820
80821
80830
80833
80834
8085
80853
80856
8087
80895
80896
8091
80975
8100
81029
81030
81031
81034
81035
8106
8110
8120
8125
8128
8131
814
81491
81493
81502
81533
81542
81545
81550
81552
81553
81555
81558
81563
81565
81567
81569
81570
81575
81577
81578
81579
816
81608
81611
81615
81616
81617
81619
81623
81624
81626
8165
81669
81671
81689
81696
817
8170
81704
81706
81788
81792
81793
81796
81797
81831
81833
81839
81844
81846
81847
81849
81856
81857
81872
81875
81887
819
81929
81931
8218
8224
8225
8226
8233
8237
824
8242
825
828
8289
8291
8295
830
8301
831
8312
8313
8317
832
8320
8321
8323
8324
833
8330
83394
83417
83439
83440
83445
83448
83464
83468
83478
83481
83541
83548
83593
83594
83597
83598
83604
83636
83640
83641
83643
83648
8365
83656
83657
83658
83659
8366
83660
83661
83666
83690
83692
83696
83698
83699
83700
83716
83734
83741
83743
83752
83850
83851
83857
83860
83867
83872
83874
83875
83876
83879
83893
83930
83931
83938
83942
83943
83955
83956
8398
83982
83988
83989
83990
83992
840
84000
84002
8405
84056
84059
8406
84060
84062
84065
84068
84070
84071
84077
84083
84100
84102
84109
8411
8412
84128
84131
84132
84133
84140
84141
84144
84146
84159
84166
84168
8417
84171
84172
84176
8418
84181
84182
84187
84196
84203
84216
84221
84223
84230
84236
84239
8424
84248
84251
84253
84255
84256
84262
8427
84273
84275
84280
84288
84296
84302
84303
84317
84318
8433
84332
84333
84334
8434
84343
8436
8439
8440
84418
84437
84440
84447
8445
84450
84451
84456
84457
84458
84465
845
8450
84502
84513
84524
84525
84529
8453
84530
84532
8454
84541
84548
8455
84553
84557
84561
84569
84570
84572
8458
8460
84616
8462
84620
84629
84631
84632
8464
84643
84647
84649
84656
84668
84669
8467
84671
84674
84675
84678
84679
8468
84684
84687
847
8470
84700
84706
84707
84708
84709
84717
84725
84726
84750
8476
84766
84775
84790
84795
84803
84804
84811
84812
84816
84824
84832
84842
84847
84850
84851
84856
84867
84869
84873
84874
84876
84879
84886
84889
84890
84892
84894
84895
84898
84905
84908
84909
84910
84912
84913
84914
84916
84918
84929
8493
84931
84932
84935
84947
8495
84952
84957
84959
8496
84970
84976
84978
8498
8499
84991
85015
85019
8502
85027
8505
8516
8517
8522
8527
85313
85315
85320
8534
85349
85358
8537
85377
85379
8538
8540
85413
85439
85440
85443
85444
85446
85453
85456
85458
8546
85461
85463
85464
85477
85479
85481
8549
85508
8554
8555
8556
8560
8563
8567
8569
857
8573
8574
8577
858
85865
8590
86
860
8602
8603
8604
8607
8609
861
8611
8613
8618
862
8622
8623
8624
8626
8631
8633
8644
8647
8648
865
8654
866
8660
8661
8667
867
8671
8672
8676
868
8682
8685
8688
8697
87
8701
8702
8706
8708
871
8715
8724
8725
8727
8728
8732
8736
8737
8738
8743
8744
8754
8760
8761
8766
8767
8772
8774
8776
8777
8787
8792
8793
8795
8796
8797
8798
88
8801
8802
8807
8809
8814
8817
8820
8821
8826
8828
8829
8834
8836
8837
8838
8839
8840
8842
8844
88455
8848
885
8850
8852
8853
8854
8856
8858
8862
8864
8869
8871
8874
8875
8876
8879
889
8892
8893
8895
8897
8898
8899
8900
8905
8907
891
8910
8911
8916
892
8925
8927
8929
8932
8933
8934
8935
8945
896
8968
8969
8972
8974
8975
89758
8976
89766
89777
89796
89797
898
89801
89822
89845
89849
89857
89866
89874
8988
89882
89883
89886
8989
89890
89927
8994
89944
8995
8997
89970
9
90
90025
90060
90102
90139
9014
90161
90167
9019
90199
902
9023
90268
90271
90273
90288
90293
9031
90313
90324
90362
9037
90390
90407
90411
90416
9043
9044
90441
9049
905
9050
9052
90523
9053
90550
9056
90576
90594
9060
90624
90627
9070
90701
9071
90737
9075
9076
90768
9077
9079
90806
90843
90853
90871
9092
9095
9096
90987
90993
9100
91010
91012
91050
9112
91120
9113
91133
91137
91149
91156
912
9124
9126
91283
9133
9134
91351
9139
914
91404
91445
9152
91522
91523
91526
9154
91543
91584
916
91607
91614
9162
91646
91653
91661
91663
91664
9167
9168
9173
91746
91748
9175
91768
9177
9179
9180
9181
9182
9184
91851
91869
9189
919
9194
91942
91947
91948
91949
91975
92
92002
9201
92014
92017
9202
9204
9208
92086
92092
92105
92106
92140
9215
9217
9218
92181
92196
9223
92241
92270
9228
9229
92291
92304
9231
92344
92346
92370
9240
9242
9245
9247
925
92521
92565
9258
92597
9261
9263
9265
92675
927
9270
92737
9274
92749
9275
9282
92822
9283
9287
9289
929
9290
92935
92949
92999
93
93010
93034
93035
9308
93082
9312
9313
9314
93145
9315
93166
93183
9320
9322
93233
933
9330
9332
9333
9334
9338
93380
93408
9342
93432
93463
93487
9353
9355
93556
9358
93589
93594
93624
9363
9364
93654
93661
93663
93664
9369
9372
9376
9378
9380
9381
9382
9383
9388
939
9392
9394
9397
93973
93974
9398
93986
940
9402
94032
94033
94039
9407
94081
94097
941
9411
94120
94121
94122
9413
94134
9414
94150
94160
9419
9420
9422
9423
94234
9425
9429
9435
9436
944
9441
9442
9444
9447
9448
945
9455
9457
9459
946
9462
9467
9468
9469
947
9470
9472
9474
9475
948
9480
9482
9486
9487
9488
9489
949
9495
9496
9497
9498
9499
9502
9508
9510
9516
9517
9519
952
953
9531
9534
954
9540
9542
955
9550
9553
9555
9557
9559
9562
9563
9564
9568
9570
9575
9578
9583
9586
9587
9590
960
9603
9607
9615
9619
9626
9627
9628
9629
963
9630
9635
9637
9638
9639
9640
9644
9645
9646
9648
9649
965
9650
9652
9653
9654
9658
96610
9663
9665
9675
9678
9681
9682
9683
9685
9686
9687
9688
9689
9693
9694
9696
9698
9699
970
9701
9704
9705
9706
9710
9711
9712
9716
9722
9723
9727
9728
9731
9732
9734
9742
9745
9747
9748
9749
9750
9753
9758
9759
9761
9764
9766
9767
9770
9771
9772
9775
9777
9778
9779
9780
9781
9788
9791
9792
9793
9794
9798
98
9802
9804
9811
9812
9815
9816
9819
9821
9828
9829
983
9830
9832
9833
9839
984
9844
9846
9847
9848
9851
9853
9855
9856
9857
9859
9860
9863
9866
987
9873
9874
9875
9882
9886
9890
9891
9892
9895
9896
9897
9899
9901
9908
9910
9912
9914
9915
9919
9922
9923
9925
993
9931
9933
9934
9935
9938
9942
9943
9945
9946
9948
9949
9950
9953
9955
9956
9957
9962
9963
9965
9966
9967
9969
9972
9980
9982
9984
9989
999
9992
9993
9994