1
1000
100008586
10002
100033434
100049076
100049716
10005
10007
10009
100093630
1001
10010
100113402
100113407
100124412
100126296
100126302
100126310
100126326
100126333
100126349
100126350
100126354
100126355
100126693
100126791
100127206
100127950
100128002
100128054
100128059
100128124
100128176
100128262
100128327
100128340
100128420
100128560
100128590
100128594
100128682
100128811
100128905
100129055
100129128
100129196
100129203
100129213
100129250
100129278
100129354
100129385
100129424
100129461
100129543
100129583
100129726
100129781
100129792
100129827
100129940
100129969
10013
100130111
100130172
100130207
100130231
100130342
100130386
100130460
100130476
100130519
100130522
100130733
100130742
100130880
100130890
100130934
100130954
100130958
100130964
100130967
100131047
100131067
100131117
100131138
100131234
100131315
100131378
100131564
100131726
100131814
100131816
100131897
100132004
100132057
100132101
100132116
100132147
100132202
100132247
100132249
100132287
100132352
100132386
100132396
100132406
100132417
100132464
100132501
100132594
100132707
100132724
100132735
100132932
100132987
100133005
100133077
100133091
100133161
100133172
100133204
100133205
100133267
100133315
100133985
100134259
100134317
100134868
100134869
100134934
10014
10015
100169751
100188949
100190939
100192378
100192420
1002
10020
100216001
100216546
100233209
100271715
100271832
100271836
100272228
100286938
100287072
100287114
100287178
100287238
100287314
100287327
100287364
100287399
100287441
100287497
100287513
100287632
100287728
100287765
100287944
100288122
100288203
100288323
100288380
100288486
100288520
100288570
100288615
100288687
100288695
100288728
100288797
100288805
100288960
100289097
100289137
100289150
100289561
100289574
100289635
100289650
100294145
100302113
100302135
100302150
100302164
100302177
100302220
100302224
100302228
100302237
100302238
100302256
100302257
100302277
100302279
100302280
100302290
100302640
100302652
100302691
100302692
100302746
100303453
100306975
100313774
100313887
100313921
100316868
100379220
100379224
100379249
100379345
100379661
1004
10040
100419170
100419583
100422737
100422823
100422829
100422840
100422844
100422851
100422876
100422898
100422908
100422909
100422912
100422914
100422920
100422928
100422934
100422935
100422937
100422949
100422965
100422981
100423015
100423023
100423025
10043
10045
10046
10047
10048
10049
100499177
100499227
100499467
1005
10050
100500814
100500836
100500839
100500841
100500849
100500854
100500865
100500871
100500873
100500883
100500890
100500891
100500899
100500912
100500938
100505385
100505475
100505498
100505501
100505518
100505530
100505549
100505566
100505591
100505592
100505609
100505678
100505687
100505702
100505715
100505718
100505724
100505738
100505741
100505768
100505782
100505817
100505832
100505841
100505845
100505851
100505869
100505876
100505877
100505881
100505893
100505894
100505909
100505918
100505920
100505921
100505970
100505978
100505984
100505994
100505996
100506007
100506022
100506060
100506076
100506085
100506123
100506124
100506125
100506126
100506127
100506142
100506157
100506161
100506172
100506175
100506178
100506272
100506274
100506286
100506289
100506305
100506314
100506319
100506334
100506365
100506374
100506380
100506403
100506409
100506412
100506421
100506428
100506436
100506443
100506444
100506457
100506489
100506497
100506498
100506544
100506585
100506606
100506622
100506639
100506650
100506664
100506674
100506682
100506686
100506700
100506736
100506746
100506747
100506776
100506787
100506790
100506795
100506797
100506804
100506826
100506840
100506860
100506866
100506869
100506881
100506895
100506963
100507006
100507053
100507058
100507073
100507086
100507096
100507103
100507127
100507135
100507140
100507201
100507217
100507250
100507254
100507291
100507300
100507308
100507334
100507336
100507347
100507388
100507391
100507401
100507404
100507420
100507428
100507431
100507436
100507461
100507466
100507477
100507480
100507487
100507489
100507500
100507516
100507521
100507524
100507530
100507534
100507582
100507600
100507607
100507616
100507629
100507633
100507651
100507661
100508120
100509894
10052
100526761
100526767
100526835
100526836
100527964
100527978
100528016
100528021
100529215
100529240
100529264
100532737
100533105
100533111
100533195
100533952
100534593
100534611
10055
10057
10059
1006
10060
100616109
100616113
100616115
100616136
100616141
100616165
100616166
100616184
100616191
100616194
100616196
100616206
100616207
100616218
100616221
100616223
100616226
100616228
100616234
100616243
100616249
100616253
100616257
100616265
100616270
100616272
100616285
100616286
100616306
100616309
100616323
100616326
100616343
100616345
100616347
100616370
100616377
100616382
100616397
100616400
100616401
100616404
100616406
100616409
100616413
100616423
100616432
100616435
100616436
100616447
100616449
100616451
100616453
100616486
100616487
100616491
100616530
100628307
100631378
100652749
100652758
100652824
100652853
100652857
100652865
100652871
100652909
100652911
100652988
100653133
10066
10069
1007
10073
10075
100750325
10076
1008
100846991
100846995
100847001
100847002
100847003
100847010
100847019
100847024
100847027
100847028
100847031
100847036
100847037
100847042
100847048
100847053
100847056
100847058
100847062
100847075
100847085
10085
100859921
100861402
100861412
100861545
100861549
100861550
100861553
100861554
100862671
100862704
100862728
10087
100873065
100873165
100873920
100873939
100873945
100873948
100873972
100873978
100873986
100873987
100874002
100874010
100874011
100874012
100874014
100874019
100874033
100874043
100874047
100874048
100874055
100874067
100874074
100874091
100874100
100874111
100874120
100874123
100874127
100874131
100874136
100874156
100874159
100874175
100874176
100874178
100874185
100874194
100874208
100874222
100874237
100874242
100874244
100874245
100874249
100874264
100874281
100874282
100874291
100874296
100874312
100874314
100874321
100874337
100874531
100885776
100885778
100885781
100885795
100885796
100885798
100887750
1009
10090
10099
100996251
100996266
100996325
100996331
100996335
100996342
100996345
100996348
100996351
100996404
100996425
100996437
100996447
100996455
100996490
100996539
100996570
100996571
100996597
100996630
100996635
100996645
100996679
100996712
100996717
100996724
100996732
100996763
1010
10100
10103
101059915
101059918
10106
101060171
101060200
101060211
101060226
101060389
101060542
101060684
101060691
10109
10110
101101773
101101776
10111
10121
10124
101241892
10127
10128
10131
10135
10138
10139
10141
101410534
101410540
101410544
10142
10144
10146
10147
10149
1015
10150
101515984
10152
10153
10156
10157
1016
10160
10163
10165
10166
10169
10170
10171
10172
101730217
10178
101805492
10181
10184
101867536
10188
101926896
101926898
101926925
101926926
101926928
101926930
101926935
101926940
101926955
101926956
101926959
101926994
101927003
101927007
101927018
101927023
101927026
101927040
101927050
101927055
101927056
101927057
101927060
101927070
101927079
101927080
101927082
101927084
101927100
101927109
101927112
101927115
101927132
101927134
101927136
101927139
101927141
101927145
101927150
101927151
101927152
101927153
101927156
101927171
101927176
101927182
101927183
101927186
101927211
101927217
101927220
101927221
101927229
101927234
101927237
101927245
101927248
101927273
101927279
101927280
101927286
101927288
101927289
101927293
101927295
101927300
101927305
101927311
101927314
101927320
101927334
101927346
101927347
101927350
101927377
101927379
101927383
101927388
101927389
101927391
101927400
101927402
101927404
101927410
101927411
101927413
101927414
101927419
101927420
101927421
101927429
101927434
101927440
101927459
101927465
101927467
101927468
101927477
101927501
101927504
101927506
101927512
101927523
101927525
101927541
101927550
101927566
101927571
101927574
101927579
101927586
101927588
101927592
101927597
101927599
101927605
101927619
101927621
101927629
101927631
101927640
101927646
101927686
101927692
101927697
101927699
101927700
101927720
101927722
101927726
101927745
101927750
101927755
101927759
101927763
101927768
101927769
101927774
101927789
101927795
101927801
101927802
101927808
101927822
101927825
101927829
101927832
101927843
101927847
101927851
101927862
101927863
101927869
101927884
101927895
101927896
101927901
101927911
101927934
101927942
101927950
101927957
101927963
101927972
101927973
101927974
101927980
101927983
101927992
101928000
101928001
101928004
101928008
101928043
101928051
101928053
101928062
101928063
101928079
101928085
101928089
101928093
101928098
101928100
101928113
101928114
101928118
101928122
101928131
101928134
101928142
101928144
101928153
101928154
101928161
101928165
101928173
101928176
101928190
101928202
101928211
101928219
101928228
101928231
101928241
101928248
101928254
101928270
101928276
101928277
101928304
101928309
101928317
101928322
101928334
101928340
101928344
101928357
101928358
101928369
101928376
101928388
101928389
101928403
101928404
101928414
101928420
101928421
101928436
101928441
101928446
101928448
101928462
101928464
101928465
101928476
101928477
101928509
101928554
101928555
101928565
101928567
101928569
101928571
101928583
101928596
101928601
101928608
101928617
101928622
101928650
101928651
101928661
101928679
101928687
101928689
101928698
101928725
101928734
101928739
101928741
101928743
101928765
101928767
101928769
101928773
101928775
101928776
101928782
101928784
101928788
101928812
101928846
101928851
101928855
101928856
101928858
101928868
101928869
101928877
101928887
101928894
101928924
101928929
101928940
101928969
101928982
101929006
101929008
101929010
101929025
101929028
101929031
101929043
101929052
101929071
101929083
101929093
101929106
101929110
101929111
101929116
101929120
101929121
101929128
101929141
101929147
101929151
101929154
101929162
101929163
101929179
101929196
101929217
101929225
101929230
101929238
101929239
101929243
101929260
101929284
101929294
101929295
101929309
101929315
101929322
101929338
101929344
101929351
101929353
101929373
101929380
101929387
101929398
101929415
101929423
101929428
101929447
101929454
101929460
101929470
101929473
101929476
101929484
101929485
101929492
101929497
101929505
101929523
101929524
101929531
101929540
101929544
101929547
101929548
101929551
101929560
101929563
101929572
101929578
101929582
101929590
101929592
101929595
101929620
101929623
101929628
101929650
101929653
101929655
101929660
101929667
101929680
101929692
101929694
101929696
101929697
101929710
101929716
101929723
101929726
101929752
101929760
101929762
101929765
101929767
101929771
101929780
101929796
101929823
101929826
101929863
101929959
10193
101930053
101930100
101930434
101930452
101930748
101954266
101954267
10196
10198
10199
102
10200
10206
10207
10208
10209
1021
10217
102216341
102216342
10224
10225
10229
10236
10238
10241
10242
10243
102464825
102464830
102464832
102465133
102465137
102465139
102465433
102465498
102465508
102465512
102465520
102465530
102465665
102465838
102465839
102465841
102465854
102465860
102465864
102465869
102465874
102465876
102465880
102465881
102465944
102466251
102466616
102466812
102466865
102466873
102466874
102466877
102466995
102467075
102467077
102467146
102467147
102467212
102467213
10249
10250
10252
10253
10254
102546226
102546227
102546294
102546299
10257
102606463
102606465
10261
10266
10270
102723165
102723166
102723318
102723320
102723321
102723323
102723350
102723356
102723360
102723362
102723390
102723409
102723427
102723439
102723446
102723448
102723481
102723487
102723493
102723508
102723517
102723578
102723582
102723605
102723663
102723680
102723690
102723701
102723724
102723761
102723764
102723824
102723834
102723859
102723875
102723878
102723895
102723899
102723924
102723927
102723966
102723968
102723989
102724000
102724019
102724047
102724087
102724122
102724130
102724163
102724168
102724190
102724200
102724233
102724238
102724264
102724289
102724316
102724323
102724334
102724350
102724357
102724373
102724386
102724470
102724482
102724484
102724488
102724497
102724508
102724511
102724515
102724532
102724550
102724552
102724555
102724591
102724594
102724596
102724604
102724612
102724617
102724624
102724625
102724631
102724643
102724657
102724691
102724698
102724701
102724775
102724776
102724784
102724820
102724827
102724830
102724832
102724834
102724843
102724855
102724861
102724862
102724933
102724940
102724945
102724950
102724954
102724971
102725105
102725116
102725201
102725220
102725258
10274
10276
10277
102800446
102800447
10282
10283
10286
10293
10294
10301
10302
103021164
103021165
103021294
103021296
103091866
10313
103164619
103171574
103191607
10326
10327
10329
10330
10331
103344931
10335
103352541
103352670
10336
10346
10347
10349
103504734
103504739
103504740
10352
1036
10363
103689844
103689911
103689915
103689918
103695435
10371
103724389
103752586
103752588
103752589
10385
10389
103908604
10392
10395
10396
10399
104
10401
10402
10403
10404
10407
10411
10413
104169670
10417
10420
10421
10424
10426
104266956
104266958
104266961
10428
104310351
104355136
104355287
104355288
104355289
104355291
10438
1044
10440
10443
10445
10447
104472519
104472713
104472714
104472715
104472716
104472717
10449
1045
10451
10452
10455
10457
10458
10460
10463
10464
10465
10466
10469
1047
10472
10473
10478
10479
104797537
10480
10482
10483
10484
10486
10487
10489
104909134
10491
10497
10499
105
10507
10509
1051
10512
10516
10519
1052
10520
10522
10525
10526
10529
10531
10533
105369146
105369154
105369165
105369167
105369168
105369192
105369203
105369225
105369227
105369250
105369292
105369306
105369318
105369332
105369376
105369402
105369423
105369428
105369435
105369454
105369464
105369484
105369486
105369509
105369520
105369550
105369558
105369563
105369564
105369595
105369618
105369668
105369673
105369691
105369705
105369739
105369740
105369748
105369759
105369798
105369804
105369807
105369808
105369810
105369815
105369832
105369850
105369853
105369893
105369897
105369906
105369920
105369942
105369954
105369989
105370000
105370034
105370042
105370057
105370060
105370129
105370145
105370169
105370174
105370177
105370183
105370224
105370259
105370275
105370290
105370295
105370324
105370333
105370355
105370360
105370364
105370401
105370406
105370422
105370425
105370461
105370495
105370496
105370500
105370504
105370526
105370531
105370540
105370560
105370600
105370612
105370616
105370629
105370655
105370752
105370764
105370769
105370777
105370780
105370781
105370809
105370833
105370854
105370913
105370943
105370954
105370969
105370973
105370989
105370991
105370993
105371006
105371011
105371018
105371024
105371055
105371077
105371082
105371083
105371085
105371090
105371113
105371173
105371241
105371252
105371260
105371261
105371273
105371307
105371310
105371354
105371363
105371475
105371508
105371509
105371630
105371653
105371658
105371660
105371708
105371730
105371747
105371756
105371757
105371776
105371807
105371809
105371818
105371828
105371841
105371849
105371855
105371907
105371953
105371956
105371957
105371964
105371969
105371985
105372003
105372040
105372041
105372079
105372092
105372147
105372156
105372175
105372190
105372200
105372267
105372274
105372308
105372310
105372334
105372337
105372348
105372352
105372360
105372363
105372390
105372412
105372414
105372419
105372480
105372481
105372522
105372550
105372551
105372614
105372631
105372637
105372639
105372664
105372666
105372699
105372703
105372730
105372746
105372749
105372750
105372753
105372762
105372802
105372808
105372840
105372895
105372896
105372897
105372907
105372942
105372956
105372978
105373032
105373108
105373122
105373158
105373159
105373191
105373209
105373212
105373224
105373262
105373265
105373311
105373346
105373347
105373350
105373358
105373401
105373416
105373418
105373480
105373508
105373518
105373536
105373537
105373538
105373593
105373604
105373617
105373637
105373643
105373654
105373668
105373682
105373686
105373766
105373772
105373777
105373780
105373786
105373805
105373831
105373869
105373880
105373891
105373904
105373934
105373942
105373951
105373962
105373979
105373994
105374085
105374114
105374119
105374136
105374163
105374166
105374177
105374217
105374219
105374235
105374244
105374245
105374250
105374251
105374258
105374272
105374308
105374313
105374317
105374318
105374352
105374394
105374411
105374418
105374421
105374428
105374449
105374461
105374511
105374524
105374557
105374591
105374597
105374624
105374625
105374631
105374647
105374652
105374659
105374667
105374685
105374698
105374701
105374711
105374715
105374736
105374754
105374764
105374771
105374775
105374780
105374802
105374811
105374836
105374848
105374852
105374855
105374873
105374894
105374914
105374925
105374928
105374956
105374978
105375001
105375012
105375013
105375015
105375074
105375077
105375115
105375150
105375170
105375172
105375207
105375210
105375228
105375266
105375267
105375283
105375341
105375371
105375380
105375382
105375392
105375430
105375441
105375451
105375463
105375473
105375475
105375517
105375519
105375521
105375523
105375527
105375553
105375556
105375567
105375610
105375630
105375633
105375635
105375638
105375675
105375704
105375726
105375732
105375734
105375743
105375744
105375751
105375754
105375822
105375843
105375844
105375871
105375888
105375903
105375911
105375924
105375931
105375957
105375983
105375992
105376034
105376041
105376063
105376085
105376105
105376127
105376230
105376233
105376244
105376276
105376351
105376375
105376382
105376384
105376425
105376426
105376432
105376435
105376468
105376478
105376480
105376554
105376562
105376571
105376580
105376592
105376593
105376596
105376603
105376607
105376619
105376623
105376640
105376650
105376671
105376680
105376714
105376748
105376762
105376781
105376832
105377067
105377100
105377110
105377134
105377138
105377247
105377248
105377256
105377267
105377283
105377284
105377289
105377295
105377323
105377348
105377369
105377383
105377428
105377460
105377473
105377492
105377503
105377548
105377585
105377599
105377604
105377610
105377623
105377642
105377684
105377687
105377700
105377709
105377732
105377763
105377848
105377858
105377860
105377880
105377891
105377901
105377918
105377926
105377940
105377957
105377959
105377962
105377964
105377979
105377981
105377986
105378005
105378013
105378020
105378044
105378047
105378065
105378066
105378093
105378111
105378179
105378198
105378208
105378217
105378247
105378268
105378289
105378308
105378318
105378320
105378385
105378397
105378410
105378456
105378516
105378589
105378604
105378622
105378626
105378644
105378662
105378672
105378675
105378716
105378737
105378753
105378797
105378811
105378819
105378828
105378844
105378850
105378886
105378889
105378909
105378933
105378947
105378963
105378969
105378976
105378992
105378998
105379003
105379006
105379011
105379036
105379041
105379051
105379057
105379066
105379076
105379080
105379098
105379130
105379143
105379178
105379198
105379202
105379208
105379224
105379263
105379273
105379292
105379297
105379301
105379311
105379362
105379364
105379369
105379385
105379392
105379396
105379452
105379478
105379493
105379514
105379778
105379839
1054
10541
10544
10548
105500239
10554
10556
10559
10560
10561
105616981
10562
10564
10565
10568
10574
105748977
10579
1058
10580
10592
10597
10600
10602
10612
10613
106144529
106144533
106144535
106144536
106144537
106144592
106144593
106144599
106146148
10617
10618
1062
10620
10622
10623
10625
10628
1063
10631
10637
10643
10644
10645
106480334
106480429
10651
10653
10656
10657
10658
10659
106632260
10666
106660605
106660606
10667
10668
10671
10672
10673
10682
106821730
10686
10690
10691
10699
1070
107080620
107105278
10713
107133515
10714
10716
107161151
10720
10725
10726
10732
10733
10738
10741
10745
10747
1075
10752
10755
10758
10761
10765
10766
10767
10768
10769
10771
10772
10776
10777
10780
10782
10783
10787
10788
10793
10797
107983983
107984012
107984018
107984028
107984035
107984037
107984079
107984088
107984098
107984123
107984195
107984203
107984218
107984241
107984252
107984257
107984293
107984324
107984325
107984365
107984402
107984421
107984426
107984428
107984429
107984433
107984439
107984461
107984497
107984503
107984504
107984516
107984578
107984597
107984764
107984778
107984780
107984782
107984784
107984867
107984900
107984942
107984963
107984990
107985001
107985014
107985015
107985072
107985076
107985092
107985115
107985124
107985164
107985172
107985181
107985189
107985194
107985200
107985236
107985287
107985338
107985365
107985383
107985384
107985404
107985432
107985490
107985519
107985561
107985563
107985684
107985787
107985808
107985820
107985839
107985841
107985871
107985893
107985933
107985965
107985981
107986091
107986100
107986136
107986138
107986142
107986163
107986165
107986178
107986197
107986198
107986241
107986277
107986311
107986322
107986366
107986375
107986380
107986408
107986411
107986414
107986434
107986444
107986445
107986448
107986524
107986631
107986633
107986636
107986638
107986743
107986770
107986772
107986816
107986818
107986824
107986837
107986898
107986908
107986946
107986954
107986956
107986972
107987001
107987011
107987060
107987065
107987087
107987091
107987295
107987330
10801
10802
10803
10806
1081
10813
10818
10824
10826
1084
10841
10846
10848
10856
108570035
10858
10859
10865
10867
10868
10873
1088
10880
10884
10885
10890
108903150
10891
10892
109
10901
10905
10906
10907
10915
10920
10923
10926
10928
10929
10933
10939
10944
10947
10950
109504726
10953
10955
10957
10959
109616972
109617001
109617002
109617011
109617013
109617022
109617025
109623459
10964
10970
10971
109729131
109729147
109729166
109729172
109729173
109729174
109729180
10973
10979
10981
10982
10983
10984
10985
109864279
10987
109951030
110006327
11004
11009
11010
11011
11016
1102
11024
1103
11030
11031
11033
11037
11039
1104
11042
11044
1105
11051
11055
11057
11059
110599583
1106
11060
11064
11065
11069
1107
11072
11074
11075
11078
110806281
110806286
110806290
110806308
11082
11095
11097
11098
11099
111
11108
111082988
111082992
111082993
111089941
1111
11113
11116
1112
11120
111216275
111216280
111216284
111216285
11123
11126
11127
11128
11138
1114
11141
11142
11143
11145
11146
11147
11154
11157
11159
11162
11163
11167
11168
1117
11173
11174
11176
11179
1118
11182
11183
11188
1119
11190
11196
11198
112
11200
11211
11214
11215
11216
11218
11221
11226
112267862
112267890
112267899
112267908
112267915
112267944
112267969
112268009
112268015
112268030
112268123
112268124
112268150
112268165
112268176
112268184
112268208
112268227
112268275
112268286
112268291
112268293
112268458
11228
1123
11231
11232
11234
11235
11236
11237
1124
11243
11244
11245
112451549
112487
112488738
112488739
112488742
11249
11254
112543493
11257
112577460
112597
112611
112616
11262
11269
11274
11275
112752
11276
11281
112840
112849
112869
112935960
112935969
112937
112942
113
1130
1131
11311
113115
11315
11317
11318
11319
113201
11321
113218477
113235
113251
113277
11328
11329
1133
11332
11335
11336
1134
11342
11343
11344
113451
113455421
113523636
113523642
113622
1138
113828
113878
114
114004351
114004397
114036
114088
114112
114134
114294
114327
1145
114515518
114515520
114548
114625
1147
114780
114787
114788
114789
114790
114791
114792
114793
114799
114803
114805
114814
114818278
114819
114825
114827
114879
114880
114882
114883
114884
114885
114897
114899
114904
114915
114926
114984
115111
1152
115201
115207
115209
115265
115286
115294
115362
115399
115409987
115426
115509
115548
115677
115694671
115703
115704
115811
115817
115825
115827
115891964
115908
115948
1161
116113
116123
116151
116228
116238
116328
116337
116369
116372
116435304
116442
116449
116496
116534
116841
116966
116984
116987
116988
117134597
117134598
117145
117154
117157
117178
117194
117196
117245
117531
117583
117584
1176
117608
117854
118
1180
1182
118427
118429
118430
118490
118491
118663
118672
118788
118812
118813
118932
118987
119
119016
119086082
1191
1193
119385
119391
119504
119559
1196
119679
119682
119692
119710
120065
120224
120356739
120376
120400
120406
120526
1207
120796
120883614
120892
121006
121009649
121053
1211
121214
121227
121232371
121233925
121260
121274
1213
121364
121441
121456
121457
121506
121536
121725057
121832803
121832806
121952
122060
122394733
122416
122455337
122455338
122539214
122553
122618
122748
122769
122786
123
123016
123103
123169
1232
123207
123228
123346
123355
1235
123688
1237
123706511
123706544
123720
123775
1238
123872
123920
123956153
123987602
124045
124149
124188259
124274
124359
1244
124402
124446
124538
124540
124751
124900179
124900187
124900192
124900202
124900207
124900209
124900217
124900219
124900227
124900254
124900256
124900260
124900264
124900291
124900293
124900295
124900309
124900314
124900322
124900332
124900354
124900364
124900366
124900369
124900384
124900387
124900388
124900393
124900395
124900414
124900421
124900428
124900439
124900440
124900475
124900481
124900490
124900502
124900513
124900520
124900527
124900539
124900557
124900559
124900600
124900607
124900612
124900632
124900637
124900638
124900664
124900669
124900691
124900694
124900696
124900718
124900724
124900778
124900781
124900802
124900818
124900838
124900842
124900869
124900935
124900936
124900955
124900974
124900982
124900983
124901013
124901023
124901040
124901056
124901057
124901131
124901150
124901168
124901173
124901176
124901185
124901197
124901245
124901255
124901272
124901310
124901333
124901338
124901339
124901358
124901380
124901392
124901427
124901437
124901447
124901448
124901453
124901456
124901457
124901465
124901467
124901499
124901528
124901574
124901581
124901597
124901604
124901611
124901626
124901628
124901661
124901685
124901689
124901701
124901728
124901730
124901766
124901782
124901858
124901872
124901912
124901918
124901944
124901948
124901950
124901952
124901969
124901971
124902009
124902024
124902026
124902033
124902051
124902062
124902110
124902122
124902128
124902134
124902139
124902157
124902171
124902226
124902255
124902264
124902371
124902403
124902436
124902437
124902447
124902532
124902534
124902542
124902596
124902611
124902629
124902645
124902660
124902676
124902684
124902723
124902752
124902757
124902762
124902766
124902767
124902781
124902793
124902826
124902847
124902894
124902896
124902940
124902955
124902957
124902967
124902968
124902991
124903009
124903160
124903162
124903172
124903175
124903185
124903255
124903333
124903357
124903421
124903435
124903450
124903452
124903478
124903487
124903558
124903564
124903581
124903624
124903656
124903694
124903718
124903727
124903730
124903770
124903808
124903827
124903834
124903903
124903926
124903934
124903938
124903940
124903951
124903955
124903957
124904035
124904039
124904048
124904060
124904067
124904122
124904138
124904139
124904158
124904186
124904187
124904209
124904255
124904256
124904275
124904311
124904314
124904337
124904358
124904380
124904395
124904420
124904428
124904434
124904450
124904505
124904535
124904547
124904558
124904559
124904601
124904603
124904606
124904613
124904631
124904634
124904635
124904681
124904728
124904778
124904812
124904874
124904875
124904966
124904969
124904990
124905065
124905109
124905135
124905139
124905143
124905150
124905172
124905173
124905247
124905270
124905271
124905962
124905998
124906031
124906100
124906103
124906104
124906107
124906117
124906146
124906230
124906264
124906267
124906285
124906318
124906348
124906382
124907878
124907892
124907946
124908056
124908063
124909346
124909358
124909397
124909412
124909423
124909426
124909498
124912
124925
124975
124989
124997
125
125050
125150
125476
125488
125704
1258
1259
125919
125963
125997
126017
126068
126069
126070
126074
1261
126231
126248
126272
126295
126353
126526
126568848
1266
126669
126731
126767
126820
126859
126969
127
127018
127069
1272
127253
127254
127396
127435
127495
127544
127602
127623
127700
127795
1278
127814297
127829
127933
128092252
128125822
128153
128322
128344
128414
128488
1285
128553
128602
128637
128646
128710
1288
128817
128821
128866
1289
128966703
1290
129049
129080
1292
1293
129303
129401
1295
129521
129563
1296
129642
129684
1297
129831
129852
129868
129880
1300
130013
130075
1301
130106
130120
130162
130271
1303
130340
130399
130502
130507
130535
130574
1306
1308
130827
130872
130951
1310
131034
131076
131118
1314
131405
1315
131566
131583
1316
131601
131870
131890
132
132001
132160
132204
132299
132321
132430
132671
132720
132789
1329
132946
133308
133383
133396
133619
133686
133746
133874
1339
134
134111
134145
134147
134187
134218
134265
134353
134359
134430
134492
134548
134549
134553
134637
1347
134728
134957
135112
135138
135228
135295
1353
135398
1355
1356
135892
1359
135932
135941
1360
136051
136288
1363
136306
136332
1365
1368
1371
137196
137392
1374
137492
137695
1378
137835
137868
1379
137902
137970
137994
1380
138046
138050
138151
138199
138240
138241
1385
1386
138639
1387
1388
138803
1390
1392
139201
139212
1393
139324
1395
139596
139716
139728
139793
139818
1400
140258
1404
140453
140458
140460
140564
140578
140596
140606
140609
140678
140680
140685
140699
140700
140707
140711
140733
140735
140739
140801
140832
140848
140873
140883
140890
140901
141
1414
1416
1420
142679
1427
142827
142910
142913
143
143162
143187
143282
143384
143458
143503
143506
143570
1436
143662
143684
143689
143879
143888
143903
143941
144100
144132
144165
144195
144203
144233
144348
144363
144402
1445
144501
144535
144568
144571
144577
144608
144699
144715
144742
1448
144983
145165
145258
145282
1453
145389
1454
145407
1455
145508
145553
145567
1456
145645
145781
145788
145837
145873
1459
145942
145957
146050
146057
146167
146177
146183
146198
146206
146212
146225
146279
146395
146433
1465
146556
146562
1466
146664
146691
1468
146822
146845
146850
146857
146861
146909
146956
147
147004
147015
147166
147409
147495
147525
147646
147650
147657
147664
147694
147741
147798
147804
147837
147872
147920
147929
147947
147949
147991
148003
148103
148109
148156
148203
148206
148254
148268
148345
148423
148545
148581
148741
148789
148808
148824
148867
148979
149013
149041
1491
149111
149134
149465
1495
1496
149643
1497
149773
149837
1499
149951
149998
15
1500
150082
150084
1501
150135
150159
150185
1503
150365
150465
150709
150786
1508
150935
150946
150962
1510
151009
151011
151056
1511
151112
151126
1512
151242
151254
151258
1513
151313
151393
151449
151473
151507
151525
151531
151651
151742
151827
151887
1520
152002
152006
152007
152024
152065
152098
152137
152185
152189
1522
152273
1523
152330
152404
152485
1525
152503
152559
152573
152579
152742
152789
152815
152816
152831
152877
152940
153090
153129
153163
153201
153241
153328
153339
153396
153478
153527
153643
153768
153769
153830
1540
154007
154043
154075
154089
154091
154092
154214
154313
154449
154467
154664
154743
154790
154796
154810
154865
154907
155061
1551
155435
1559
156
1562
1573
157378
157489
157506
157567
157570
1576
157680
157695
157697
1577
157739
157807
157855
157869
1579
157922
158035
158038
158046
158158
158160
158219
158234
158326
158358
158399
1584
158431
158434
158471
158584
1586
1587
158724
158747
1588
158880
1591
159195
1592
1593
159371
159686
159963
16
160
1600
1601
1602
160287
1603
160335
1604
160418
160419
160492
1605
1606
1607
160760
1608
160851
161
161003
161142
161342
161502
161725
161742
161823
162
1622
162282
162333
162427
162517
162655
162962
162963
162966
162967
162972
162998
163
163033
163050
163051
163059
163087
163131
1632
163227
163255
163259
163479
163486
163720
163782
163786
1638
163859
163882
164045
164237
1643
164380
164395
1644
164684
164781
164832
165055
165186
165324
1655
165530
1656
165631
165679
1657
1659
165918
1660
1662
1663
166336
166379
1666
166614
166647
166752
166785
166793
166824
166929
1671
167153
1673
167359
167410
167465
167681
167691
1677
1678
167838
168090
168374
168391
168433
168451
168507
168667
1687
168850
168975
169166
169270
169355
169436
169714
169792
169981
170302
170371
170384
170622
170679
170685
170688
170692
170712
170825
170958
170959
170960
170961
171019
171022
171023
171024
171169
171425
171546
171558
1717
1718
1719
1727
1729
173
1737
1738
1739
174
1740
1741
1743
175
1755
1758
1761
1768
1770
1776
1778
1780
1781
1783
1785
1788
1789
1794
1795
1798
18
1803
1804
1806
1807
1808
1809
1814
1816
1827
183
1836
1837
1838
1839
1845
185
1857
1859
1875
1879
1894
1906
1909
1910
1911
1915
191585
192669
1937
1946
1950
1954
1955
1956
195827
195977
196
196047
196074
196120
1962
196294
196335
196383
196410
196446
196472
196483
196513
196527
196913
196951
196996
197003
197021
197131
197135
197259
197407
1977
1979
1984
199
1990
199221
1993
1994
1996
199857
199920
199974
20
200010
200030
200035
200132
200159
200162
2002
200316
200373
2004
200403
200407
200539
200734
200844
200845
200895
2009
2011
201134
201163
201164
201176
2012
201254
201283
2013
2014
201477
201595
201625
201626
201651
2017
201725
201798
201799
201973
202018
202052
202181
202243
202299
2023
202309
202333
202559
2028
2029
2030
203069
203076
203102
203197
203228
203238
203286
2035
2036
2037
204
2042
204219
2043
2045
204962
2050
2052
205327
2054
205428
2055
205564
205717
2058
2059
2060
206358
2065
2066
2067
2069
2070
2071
207147
2072
2073
2074
208
2081
2098
2099
2100
2104
2108
211
2115
2120
2121
2122
2124
2131
2132
2137
2138
2139
2140
2147
2153
216
2165
2167
2172
2173
2175
2176
2177
2178
2180
2181
2184
2186
2188
219287
219333
219447
219479
219525
219541
219578
219595
219681
219771
219793
219854
219869
219870
219902
219952
219957
219958
219959
219960
219965
219968
2200
220001
220032
220042
220081
2201
220108
220115
220164
2202
220388
2204
220729
220869
2209
220929
220963
220965
220972
220979
221037
221061
221143
221154
221178
221184
221191
2212
221223
221241
221264
221301
221302
221322
221336
221357
221391
221393
221458
221476
221496
221687
221692
2217
221711
221749
221756
221806
221823
221833
221895
221927
221937
221981
222068
222166
222183
222194
222223
222234
222236
222255
222256
222484
222537
222546
222611
222658
222662
222696
222698
222894
223
2230
223075
223082
223117
2239
224
2241
2243
2246
2254
2258
2259
2263
2267
2271
2272
2273
2274
2275
2277
22794
22795
22796
22797
22798
2280
22802
22803
22806
22807
22808
22820
22824
22826
22828
22832
22835
22836
22837
22844
22847
22849
22854
22856
22859
22861
22864
22866
22869
22871
22876
22878
22881
22882
22883
22884
22885
22887
22890
22895
22897
22900
22902
22903
22904
22905
22906
22907
22908
22909
22911
22913
22919
22920
22924
22925
22927
22929
22931
22932
22933
22936
22937
22938
22941
22948
22950
22953
22954
22955
22976
22978
22979
22980
22981
22984
22985
22987
22989
22990
22992
22993
22994
22995
22996
22998
22999
2300
23001
23002
23007
23008
2301
23012
23013
23014
23019
23022
23023
23024
23026
23028
23029
23030
23032
23035
23036
23037
23038
23039
23040
23042
23043
23047
23051
23052
23054
23057
23060
23061
23062
23064
23066
23070
23071
23072
23077
23078
2308
23080
23081
23082
23085
23086
23090
23092
23093
23095
23097
231
2310
23101
23102
23105
23107
23112
23116
23119
23120
23122
23126
23127
23131
23132
23133
23136
23137
23139
23140
23141
23142
23143
23150
23152
23158
2316
23160
23161
23164
23165
23167
23168
2317
23170
23171
23175
23178
23179
23181
23184
23185
23186
23187
23189
23191
23192
23193
23194
23195
23197
23198
23200
23201
23205
23207
23208
2321
23210
23214
23215
23216
23217
2322
23220
23223
23224
23233
23235
23236
23239
23240
23241
23244
23247
23250
23251
23252
23253
23256
23258
23261
23262
23265
23266
23268
23270
23271
23274
23277
23279
2328
23281
23283
23284
23286
23293
2330
23301
23306
23310
23312
23313
23314
23315
23318
23321
23322
23325
23326
23327
23328
23329
23331
23332
23333
23338
23345
23347
23348
2335
23350
23352
23355
23358
23359
23365
23367
23369
23370
23379
23380
23381
23382
23386
23387
23389
23390
23394
23397
23399
23403
23405
23408
23411
23414
23418
2342
23421
23424
23426
23429
23431
23432
23433
23439
23443
23456
23457
2346
23461
23468
23469
23474
23476
23478
23480
23483
23493
23498
23499
23503
23504
23505
23511
23512
23514
23515
23516
23517
23518
2352
23522
23523
23527
23530
23531
23532
23533
23541
23543
23545
2355
23550
23554
23558
2356
23562
23567
23568
2357
23576
23585
23586
23590
23594
23595
23596
23600
23604
23607
23609
23624
23626
23629
23635
23639
23643
23648
23649
23654
23657
23658
23660
23670
23673
23678
23731
23743
23746
23760
23762
23765
23774
23786
23788
238
24139
24150
242
245909
245932
245973
246126
246175
246182
246243
246269
246721
2475
2483
2488
2491
2492
25
2517
2521
252839
252969
2530
253012
253017
253018
253152
253260
2534
253461
253582
253639
253714
253725
253769
253832
253943
253970
254013
254048
254102
254170
254225
254228
254268
2543
254428
254528
254559
2547
254778
254783
254827
254887
2549
2550
255025
2551
255104
255119
255130
255167
255239
2553
255349
255394
255403
255426
255488
2555
255520
255654
2557
255743
2558
2559
255967
2560
256006
256021
256051
256130
256380
256394
256471
2565
2566
2567
2568
2569
256933
256979
256987
257
257019
2571
257160
257203
257218
257313
25758
25771
25774
25776
25780
25782
25788
25790
25791
25792
25793
2580
25801
258010
25805
25813
25814
25816
25820
25825
25827
25829
25831
25832
25836
25839
25841
25843
25847
25849
2585
25850
25852
25854
25858
25862
25871
25875
25879
25886
25888
25890
25891
25894
25896
25897
25898
2590
25900
25902
25911
25913
25921
259217
25923
259230
259232
259239
259240
259249
25925
259266
25927
259282
259287
25929
25937
25939
25940
25942
25943
25945
25948
25949
2595
25950
25953
25959
25972
25978
25988
25996
25998
26002
26003
26005
26013
26018
26019
260293
26031
26033
26034
260341
26035
26036
26037
26040
260425
26043
260434
26047
26049
26052
26053
26056
26057
26058
26064
26065
26074
26080
26090
26092
26093
26095
26098
26099
26108
26112
26115
26118
26122
26127
26128
26130
26133
26134
26137
26138
26140
26146
26147
26149
26165
26166
2617
261726
26173
261734
2618
26184
26191
262
2620
26207
26212
26225
26230
26234
26235
26249
26258
26260
26261
26266
26267
26268
26271
26275
26276
26278
2628
26280
26281
26286
26289
26290
26292
26297
26298
2631
2633
26333
2634
26341
2635
2638
2641
26493
2650
26503
26504
26505
2651
26512
26521
26523
26524
26531
26534
26539
26575
26577
26595
26608
26610
2665
266553
26658
266812
26683
26687
26689
2669
266919
267
26707
2674
26750
26777
26795
2681
26824
26869
2687
26870
26871
26872
269
2690
2693
2694
26958
26959
2696
26960
2697
26973
26974
26984
26985
26993
26996
26998
26999
27
2700
27000
27005
27010
27012
27019
27020
27032
27033
27034
27042
27043
27044
2706
27063
27067
27068
27071
27072
27075
27079
27086
27094
27095
27097
27098
27109
27120
27122
27123
27125
27128
27131
27133
27145
27147
27148
27152
27161
2717
27175
27179
27183
27185
2719
2720
27233
27235
27241
27244
27245
27247
27249
27250
27252
27283
27284
27286
27291
27293
27294
27297
273
2730
27300
27301
27302
27303
2731
27324
27327
27329
27332
27333
2734
27341
27344
27345
27351
2737
2739
274
2742
27429
27430
27436
27439
2744
27440
27445
2746
2760
2762
2766
2767
2768
277
2770
2775
2776
2778
2791
2792
2798
2799
280
2800
2802
2814
2817
2823
28232
282679
282706
282809
2829
282980
282991
283008
283033
283080
283092
283104
283106
283110
283116
283152
28316
283160
283171
283189
283197
283254
283297
283299
283314
283316
283358
283373
283375
283383
283404
283417
283420
283422
283431
283435
283440
283450
283459
283464
283483
283487
283521
283537
283551
283554
283587
283596
283635
283652
283659
283682
283687
283692
283761
283820
283847
283887
283927
283970
283989
283994
284
284001
284013
284021
284047
284058
284085
284099
284116
284119
2842
284217
284252
284254
284260
284273
284274
284323
284325
284338
284348
284352
284355
284367
284371
284390
284391
284403
284406
284428
284434
284440
284443
284459
284525
284576
284581
2846
284611
284615
284632
284695
284697
284729
284749
284759
284825
2849
284942
284948
284992
284996
285000
285025
285045
285051
285074
285084
285097
285103
285116
28512
28513
285148
285154
285172
285189
285195
285203
285231
285242
285266
285268
285282
285313
285331
285335
285343
285346
285349
285382
285386
285389
285401
285419
285423
285456
285500
285525
285527
285547
285601
285622
285636
285641
285672
285761
285782
285830
285852
2859
285905
285966
285987
286042
286053
286094
2861
286135
286144
286183
286238
286297
2863
286343
286410
286411
286467
286499
286527
286530
2866
286676
286826
286828
2869
287
2870
2874
288
2887
2888
2889
2890
2891
2893
28957
28960
28965
28966
28969
28971
28972
28973
28977
28978
2898
28981
28985
28987
28989
29
2900
29028
2903
29034
29057
29062
29063
29066
29070
29072
29074
2908
29080
29089
2909
29091
29095
29097
29102
29106
29110
29114
29115
29121
29122
29123
29126
2913
2915
2917
2918
2921
2923
2925
2926
2928
2931
2932
2937
2939
2941
2944
2946
2947
2959
2963
2965
2966
2968
2970
2971
2972
2974
2975
29760
29761
29766
2977
29775
29780
29785
29789
2979
29796
29798
29799
2980
29803
2982
2983
29855
29880
29881
29886
29887
29889
29902
29904
29915
29919
29922
29924
29929
2993
29934
29937
2994
29940
2995
29951
29953
29957
29958
29964
29967
29968
29969
29970
29974
29978
2998
29988
2999
29993
29994
29995
29999
30000
3001
30010
30011
3007
301
3012
3017
3018
303
3032
3035
3043
3046
3048
305
3059
306
3062
3064
3066
3068
3069
307
3070
3071
3074
3075
308
3080
3082
30834
30835
3084
30846
3090
3092
3094
3096
3097
3098
3099
31
3106
3109
311
3112
3122
3123
3127
313
3131
3133
3134
3141
3146
3148
3150
3155
3156
3157
316
3162
3163
3164
317
3176
317649
317671
317761
3187
319
3191
32
320
321
322
3222
3223
3232
3238
324
3240
3241
3257
3263
326342
3267
3268
3269
3275
327657
3281
329
3290
3291
3293
3295
3298
33
330
3310
3313
3339
334
3340
3344
3354
3357
3359
3362
3363
3371
3376
337875
337959
337968
337969
338004
338005
3382
338323
338324
338382
338391
338440
338442
338588
338645
338651
338657
338661
338675
338699
338707
338811
338949
339005
339044
339256
339263
339287
339290
339324
339327
3394
339400
339416
339479
339483
339501
339505
339512
339529
3396
339665
339666
339685
339742
339745
339751
339761
3398
339829
339874
339896
339965
339967
339975
339988
34
3400
340069
340073
340146
340205
340252
340267
340277
340348
340357
340359
340419
340481
340547
340554
340706
340900
341019
341346
3416
341640
3417
341799
341880
341883
342035
342125
342132
342184
3422
3423
342357
342850
342892
342909
343099
3431
343263
3434
343406
343578
3437
343990
344191
3444
344561
344758
344807
345051
345193
345274
3454
3456
345651
345778
345895
3459
3460
346007
346157
346171
346389
346517
346702
347240
347252
3475
347689
347716
347731
347732
347862
3480
348094
348120
348174
3482
348235
348378
3485
3486
348751
348793
348801
348840
348938
348995
3490
349075
349149
349152
349160
349565
351
3516
352909
352999
353116
353139
353145
353267
353299
353322
353323
353332
353333
353345
353515
355
3551
3554
3556
3557
3568
3569
357
3570
3572
3574
3575
3576
3592
3595
359710
359948
3600
360023
3601
360132
3603
3604
3605
3607
3609
3611
3612
3619
3628
3632
3635
3636
3638
3645
3652
3659
366
3660
3672
3676
3678
3680
3683
3684
3688
3693
3694
3695
3696
3702
3704
3705
3708
3709
3710
3712
3717
3720
373
373156
3732
3735
3742
374286
374354
374355
374393
374443
374470
374618
3747
374786
374868
374900
374920
374928
374955
374969
374987
375056
375133
375260
3753
375316
375444
375449
375484
375513
375612
375743
375790
3759
375940
376940
3772
3775
3776
3778
3781
3786
378828
378938
3791
3797
3799
38
3800
3801
3805
382
3821
3822
3824
3831
3833
3834
3836
3837
384
3841
3842
3843
3853
3854
386617
386627
386757
387036
387082
387097
387103
387111
387119
387486
387680
387694
387707
387712
387718
387748
387758
387810
387837
387841
387882
387895
387914
3880
388121
388152
388276
388284
388336
388341
388364
388381
388389
388468
388507
388514
388536
388555
388558
388566
388567
388649
388650
388685
3887
388714
388730
388743
388759
388815
388882
388931
388942
388948
388951
388965
389015
389073
389158
389161
3892
389333
389336
389337
389434
3895
389524
389541
389558
389602
389730
389741
389840
390
390038
390054
390059
390061
390072
390077
390078
390081
390110
390168
390174
390190
390197
390201
390226
390259
390261
390264
390265
390275
390321
390326
3904
390429
390442
390445
390535
3908
390882
3909
3910
391037
391051
391059
3911
391114
391121
391123
3912
391211
391257
391267
3913
391365
391622
391627
391769
3918
392255
392307
392309
392392
392433
3925
392636
3936
394263
3950
3953
3958
3963
3964
397
3973
3977
3981
3983
3984
3985
3987
399
399669
399687
399697
399708
399715
399821
399827
399844
399886
399959
4000
400027
400058
4001
400110
400208
400212
400221
400238
400360
400410
400451
400499
400500
400506
400508
400511
400512
400579
400619
400622
400657
400680
400710
400713
400720
400736
400757
400759
400765
400799
4008
400800
400804
400823
400867
400892
400941
400945
400954
400955
400960
400986
400997
401022
401027
401074
401082
401089
401103
401134
401138
401145
4012
401237
401242
4013
401303
401312
401320
401427
401474
401478
401497
4015
401507
401509
401554
401563
401588
401665
4018
401898
401993
402176
4023
402317
4026
403253
403282
4033
403312
403315
403323
4040
404093
404201
404220
4045
404636
404663
404672
4047
404744
4048
4051
4052
4053
4054
4060
4063
4064
4067
406899
4069
406901
406915
406922
406929
406947
406948
406956
406968
406998
407006
407030
407040
4074
408050
4084
4086
4087
4088
4091
4092
4094
41
4103
4123
4124
4125
4126
4130
4134
4135
4137
4139
4140
414062
414196
414224
414235
414245
414301
414328
4147
414768
4149
414918
414919
414927
415
4154
4155
416
4160
4163
4168
4172
4173
4179
4190
4199
4200
4205
4208
4209
4210
4211
4212
4213
4215
4216
4223
4225
4233
4240
4245
4249
4253
4254
4256
4257
4259
4281
4285
4288
4289
4292
4293
4297
4299
4301
4308
4311
4312
431707
4329
4330
4331
4336
4338
434
4345
4351
4352
4354
4358
4361
439
439921
439927
439936
439996
440
440023
440067
440068
440073
440077
440078
440081
440097
440132
440184
440193
440224
440253
440275
440288
440295
440299
440311
440335
440352
440390
440434
440452
440461
440515
440585
440672
440689
440699
440704
440712
440714
440804
440822
440894
440895
440896
440905
440910
440926
440957
440993
441024
441025
441094
441108
441124
441178
441204
441212
441239
441242
441282
441308
441317
441323
441326
441328
441355
441369
441389
441425
441430
441459
441509
441518
441519
441521
441581
441669
441670
441733
441871
441884
441911
442028
442117
442191
442194
442213
442245
442361
442911
443
4430
4437
4438
444
4440
444882
445329
445571
445815
4481
4482
4486
4487
448831
448835
449520
4501
4502
4507
4520
4522
4528
4542
4544
4548
4585
4589
4591
4593
4594
4599
4600
4601
4602
4605
4609
4621
4626
4628
4629
463
4633
4638
4642
4643
4644
4645
4646
4647
4648
4649
4650
4651
4659
466
4660
4668
4669
467
4670
4674
4676
4678
4682
4683
4684
4686
4688
4698
47
4700
4703
4708
4710
4712
4717
4719
472
4720
4725
4729
473
4733
4734
4735
4739
474170
474343
474344
4745
475
4750
4752
4753
4756
4763
4771
4773
4774
4775
4780
4781
4782
4783
4790
4792
4798
4799
48
4802
4808
4810
4815
4820
4825
4829
4830
4831
4835
4836
4839
4843
4846
4849
4850
4853
4854
4858
4860
4861
4862
4864
4867
488
4882
4886
4897
4898
4901
4905
4907
4908
491
4913
4915
4916
4921
492303
4925
4926
4927
4929
4935
493753
493860
4939
4942
494470
4946
4948
4967
4968
497048
497258
497259
4976
497634
4978
4982
4983
49855
4986
4987
4988
4991
4994
4998
4999
50
5000
5001
5002
5007
5015
5016
5019
5027
5034
503582
503638
5046
5048
50484
50485
50488
5049
50507
50512
50514
50515
5052
5053
5058
506
50604
50618
5062
50624
50628
5063
50640
50649
50650
5066
5067
5071
5073
5074
5077
5080
50807
50809
50810
50814
5082
5083
50834
50840
50859
50863
5087
5091
5092
50937
5094
50940
50944
5095
50964
5098
5099
51004
51006
51008
51009
5101
51010
51011
51013
51022
51025
51028
51043
51046
51053
51056
51059
51060
51062
51063
51065
51066
51071
51072
51078
5108
51082
51084
51088
51091
51097
51102
51105
51106
51108
51109
5111
51112
51115
51119
51123
51125
51128
51129
51133
51138
51141
51143
51144
51145
51151
51155
51163
51164
51166
51167
51174
51175
51176
51177
51186
51187
51188
51196
51199
51201
51202
51205
51208
51209
5121
5122
51222
51230
51231
51232
51234
51246
5125
51251
51252
51259
51265
51267
51268
51270
51271
51280
51295
5130
51300
51302
51304
51306
51312
51313
51314
51317
51319
51320
51324
51326
51334
51337
51340
51347
51352
51361
5137
51375
51380
51384
51386
51389
5139
51390
51393
51400
51406
51411
5142
51421
51426
51427
51429
51439
5144
51447
51449
5145
51451
51454
51455
51458
51466
5147
51474
51478
51479
51496
515
5150
5152
51520
51524
51527
51530
51533
51535
51538
51540
51542
51554
51555
51559
51561
51566
51567
51571
51574
51575
51586
51592
51594
516
51604
51606
51614
51617
5162
5163
51631
51637
51646
51649
51650
51652
51654
51663
51667
5167
51676
51678
5168
5169
51691
51700
51701
51710
51714
51715
51719
5172
51727
51735
5174
5175
51752
51755
5176
51761
51762
51763
51765
51773
51776
5179
518
51804
51805
51809
51816
5188
5189
5191
5195
5196
5205
5207
5209
5213
5217
5218
5223
5226
5229
523
5230
5236
5239
5241
5244
5245
5251
5253
5255
5256
5257
526
5260
5261
5264
5266
5269
5270
5274
528
5281
5287
5288
5289
5290
5291
5295
5297
5298
5308
5310
5311
5315
5316
5324
5325
5329
5332
5333
53335
53339
5334
53342
53343
53346
53353
53354
53358
5337
53371
53373
5338
5340
53405
53407
5347
5349
535
5351
5352
5357
5359
53616
5362
5366
5372
5375
5376
5378
53827
53829
53833
53840
539
53904
53905
53940
53942
53944
5396
54020
54033
54039
5406
5407
54072
54103
54112
5412
5414
54145
541465
541466
541471
54148
54149
5420
54205
54212
5422
54221
5423
5426
5427
542767
5431
54329
54331
54332
5436
54407
5442
54434
54436
5444
54453
54454
54456
54462
54463
54464
54467
54469
5447
54471
54474
54477
54478
54487
54495
54496
54498
545
5450
54504
54505
54510
54511
54512
54516
54517
54520
54522
54529
54531
54536
54537
54540
54542
54544
54545
54549
54556
54557
54558
5456
54585
54617
5462
54622
54625
5464
5465
54664
5467
54676
5468
54680
54681
54682
547
54704
54708
5471
54715
54718
54733
54737
54739
54751
54756
54762
54765
54768
54769
54776
54778
54780
5479
54790
54793
54796
54798
54802
54806
54807
54808
54814
54816
54822
54823
54825
54826
54828
54829
54830
54832
54834
54838
54839
54841
54843
54858
54865
54866
54873
54874
54876
54877
54878
54879
54882
54883
54885
54891
54892
549
54902
54903
54904
54906
54908
54914
54916
54920
54927
54928
54933
54947
54949
5495
54955
54956
54957
5496
54960
54965
54969
54970
54974
5498
54982
54986
54988
54989
54996
54998
55
55002
55005
55006
55007
55008
5501
55010
550113
55013
55016
55020
55022
55024
55027
55031
55032
55038
55041
55048
55051
55054
55056
55057
5506
55061
550643
55068
5507
55074
55075
55076
55081
55083
55088
55093
55094
551
55100
55102
55103
55106
55108
55112
55114
55117
55118
55119
55120
55125
55127
55128
55129
55130
55133
55135
55137
55140
55144
55147
5515
55156
5516
55164
55165
55167
55170
55171
55172
55173
55174
5518
55181
55182
55187
55192
55193
55195
55196
55198
5520
55203
55205
55207
55208
55209
5521
55212
55214
55215
55219
55225
55226
55228
55230
55233
55236
55237
55243
55244
55245
55248
5525
55251
55252
55255
55259
55260
55266
55268
55274
55275
55277
55278
55279
55281
55282
55283
55284
55286
55288
552889
5529
55290
55291
55295
55296
55297
5530
55303
55304
55314
55317
55319
55320
55322
55325
55326
55328
55329
55331
55332
5534
55340
55341
55346
55347
55352
55355
55359
5536
55361
55362
55370
5538
5540
5542
55421
55422
554226
554236
55435
55437
5545
5546
5547
55471
55486
55500
55504
55509
55521
55526
55529
55532
55552
55553
55556
55558
55561
55565
55568
55576
55578
5558
55585
55586
55589
55601
55602
55603
55604
55607
55608
55609
55610
55612
55616
55617
55619
55622
55623
55626
5563
55631
55634
55635
55638
55650
55654
55655
55656
55660
55662
55664
55665
55666
55667
55668
55669
5567
55672
55680
55683
55686
5569
55690
55691
55695
55696
55698
5570
55700
55701
55704
55705
55706
55711
55714
55716
55726
55728
55729
55731
55733
55734
55735
55740
55742
55744
55748
5575
55750
55751
55752
55754
55755
55756
55757
55758
55761
55762
55763
55764
55765
55766
55769
5577
55773
55775
55776
55777
55779
5578
55783
55786
55788
55789
5579
55790
55791
55795
55796
55799
55801
55802
55806
5581
55810
55811
55813
55816
55818
55819
55825
55827
55829
5583
55831
55832
55833
5584
55840
55843
55844
5585
55850
55852
55857
5586
55860
55862
55869
5587
55871
55872
55884
55885
55892
55893
55901
55902
55904
55905
55907
55909
5591
55914
55915
5592
55922
55937
5594
55957
55959
55964
55967
5597
55971
55972
55973
55975
5599
5602
56034
5604
56063
5607
5608
56097
5610
56102
56122
56123
5613
56134
56135
56155
56160
56163
56164
56169
5618
56180
56204
5621
56242
56243
56252
56256
56259
56261
56262
56267
56287
5629
5630
5631
5634
5635
5638
5641
5644
5646
56478
56479
5648
5649
56521
56547
56605
56606
56616
56624
5663
56648
56650
56651
56660
56663
56670
56675
56681
5669
56704
5671
5673
56776
5682
5684
5685
56850
5686
5687
56884
56886
56888
56890
56894
56895
56897
56899
56907
56911
56912
56913
56914
56915
56919
56924
56935
56938
56941
56943
56944
56945
56946
56948
56955
5696
56977
56979
56980
56985
56986
56987
56990
56994
56995
570
57001
57002
57003
5701
57019
57020
57035
57038
5704
57050
5706
57062
5707
57084
57088
5709
57091
57093
57094
57095
57097
57099
571
57101
57102
57105
57107
57110
57116
57118
57121
57125
57134
57136
57142
57146
57148
5715
57153
57154
57157
57159
57169
5717
57175
57179
57180
57181
57182
57184
57185
57186
57188
57194
57205
57209
57210
57211
57213
57214
57222
57224
57226
57228
5723
57231
57234
5727
5728
57282
573
57325
5734
5737
57381
57396
574036
57405
57410
57412
57414
5743
574406
574443
57446
57449
57451
574537
57458
57459
57460
57461
57466
5747
57471
57476
57477
57478
57480
57482
57484
57486
57488
57489
57491
57492
57493
57496
57498
57501
57502
57504
57507
57509
57511
57512
57514
57520
57521
57522
57529
57530
57532
57533
57534
57535
57536
57539
57544
57545
57547
57551
57552
57553
57554
57556
57559
57561
57568
57569
57573
57577
57579
57580
57583
57584
57586
57589
57591
57594
57605
57609
57614
57617
57619
57620
57621
57623
57626
57628
57630
57636
57639
5764
57648
57653
57659
57665
57673
57674
57677
57678
57679
57680
57683
57684
57685
57689
57691
57692
57695
57698
577
5770
57705
57707
57708
57709
5771
57711
57713
57716
57718
57720
57721
57724
57730
57731
57733
5774
57758
57761
57763
57787
57795
57798
578
57818
5782
57820
57821
57824
5783
57834
57835
5784
5786
5787
5788
5792
5794
5795
5796
5797
5798
58
5800
5801
5803
5805
5806
5810
58155
58158
5820
5825
5826
5828
5829
583
5830
5832
5836
58472
58477
58478
58483
58484
58486
58487
58488
58489
58490
58504
58505
58508
58511
58513
58516
58517
58527
58538
5860
5861
5862
5869
587
5872
5873
5874
5879
5880
5884
5885
5889
5890
5891
5893
5894
5898
58986
59
5903
5905
5906
59082
5911
5915
5916
5918
5920
5923
5925
5927
59271
5931
5932
5934
59343
59345
59351
59353
5936
5937
5939
594
594842
594857
595101
5954
5955
5957
5962
5966
5973
5976
5977
5978
5981
5983
5987
5990
5991
5992
5994
5997
5998
5999
60
6000
6002
6003
6009
6013
6018
602
60312
60314
60386
6041
60412
60437
60468
6047
60489
60494
60495
60496
60506
6051
60528
60559
60560
60592
6063
6066
60674
60682
60684
60686
607
6091
6092
6098
6100
6101
6118
6119
613
613227
6144
6156
617
619279
619373
6195
6196
6203
6238
6242
6249
6252
6253
6257
6261
6262
6263
627
6272
6281
6282
6283
6290
6296
6297
63027
6307
6309
631
6311
6322
6324
6328
6332
6334
6335
634
6340
6348
6352
6354
6364
6366
6369
6372
6374
63827
6383
6386
6389
63892
63893
63894
63895
63898
639
63905
63914
63924
63925
63931
63933
63951
6397
63971
63976
63977
63979
63982
64002
6401
6402
6403
64065
64067
64080
64081
64083
64087
64092
64093
64097
64098
641
64100
64105
64109
64114
64116
64123
64135
641384
6414
64145
641455
64146
641467
64147
64149
641517
6416
641654
64167
641702
64175
641776
6418
64180
6419
641977
642
64208
64210
642131
64215
64220
64224
64225
642366
642426
642446
642489
642517
642574
6426
642612
642623
64282
64283
64288
6429
642987
643037
6431
643136
643224
643236
64326
64327
64332
643339
643365
643394
6434
643414
643542
64359
643650
643680
643707
643714
64374
643749
643770
643812
643827
64388
643911
64395
64398
64399
644
644019
64403
6441
64411
644135
644145
644168
64417
644172
64419
644192
64420
64421
644215
64425
64429
64432
6444
644444
6445
6446
644619
644649
644672
644714
64478
644838
644873
6449
64493
644943
644945
64499
644994
6450
645030
645051
645078
6451
64518
645206
645212
645261
6453
645332
645369
645402
645414
645432
645558
645572
645591
645638
645676
645687
6457
64579
645836
645954
645961
64599
646
646000
646019
646024
646030
646113
646168
6462
646278
646324
646383
64645
646486
646603
646626
646719
64682
646851
64693
646982
64699
6470
647012
647033
647060
647135
647288
647309
647323
64744
64746
64747
64750
64754
64756
64757
64759
64760
64761
64764
64766
64768
6477
64770
64778
64782
64786
64793
64798
64799
64800
64801
64816
6482
64837
6484
64843
64844
64852
64854
64857
64858
64859
64866
648740
648791
648809
64895
648987
649
64901
64902
6491
649179
64919
64921
64926
64927
649352
64969
6497
6498
64983
650
65018
65055
65056
65059
6506
65061
65062
65065
6507
65072
650747
650794
6508
65080
65084
65108
65123
65125
6514
6515
6517
651746
6520
65217
65220
65243
65249
6525
65250
65251
65258
65265
652968
652991
653
6530
653080
653121
653140
653145
653160
653162
653166
653188
653192
653203
653234
653247
653259
653268
653269
6533
653308
653333
653427
653464
653483
653486
653550
653598
653656
653657
653857
6540
6542
6543
654346
654466
6546
654835
6556
6558
6563
6566
6568
658
6580
6582
6584
6591
6594
65944
6595
6596
6597
65975
65977
65979
65981
65982
65983
65985
65986
6599
65997
65998
66002
66008
6601
6602
6603
66035
6606
6616
6617
6618
6619
6627
6629
663
6631
6632
6635
6636
664
6642
6643
6647
6648
6652
6654
6655
6659
6660
6665
667
6670
6671
6674
6675
6677
6678
6683
669
6691
6692
6694
6695
6697
670
6705
6707
6711
6713
6715
6716
6717
6718
6721
6722
6727
6728
6729
673
6732
6733
6737
6744
6745
6747
6764
6767
6769
677
6770
6772
6774
6775
677681
6777
677779
677809
677813
677819
677828
677846
677848
6780
6781
6782
6785
6786
6787
6788
6789
6793
6794
6809
6815
6818
6822
6829
683
6832
6839
6840
6843
6845
6846
6847
685
6854
6856
6857
6865
6867
6871
6872
6873
6875
6877
688
6880
6881
6882
6885
6888
6891
6894
6897
6905
6907
6916
6917
6920
692057
692058
692094
692099
6921
692157
692210
692212
6924
6925
6926
6929
693137
693139
693141
693148
693152
693157
693159
693167
693168
693169
693173
693176
693182
693188
693192
693194
693199
693204
693210
693218
693219
693229
693230
6934
6938
694
6941
6947
6948
6949
695
6954
6975
699
6992
6993
6996
6999
7003
7007
7009
7011
7016
7018
7019
7021
7024
7027
7029
7035
7037
7039
7042
7043
7045
7047
7048
7049
7058
706
7060
7073
7074
7082
7083
7084
7088
7090
7091
7092
7096
7097
7098
7099
7103
7105
7107
7110
7114
7127
7132
7150
7153
7155
7158
7159
7163
7164
7170
7171
7173
7174
7175
7180
7182
7184
7186
7187
7189
719
72
7204
722
7220
7227
7251
7253
7260
7265
7267
7272
7273
727677
727684
727758
7278
727830
727905
727909
727915
727956
727993
728005
728012
728034
728047
728113
728118
728137
728190
728192
728215
728218
728233
728262
728276
728310
728369
728378
728395
728402
728411
728441
728464
728498
728537
728558
728568
728577
728586
7286
728621
728635
728637
728640
728642
728661
728724
728730
728741
728743
728746
728752
728753
728780
728855
7289
728911
728920
728927
728957
728989
729
729041
729171
729176
729178
7292
729218
729230
729238
729252
729305
729348
7294
729431
729440
729442
729447
729461
729467
7295
729515
729522
729540
729582
729614
729665
729678
729747
729756
729759
729767
729830
729870
7299
729920
729950
729974
729991
730
730051
730100
7302
730755
730971
731223
731424
731789
7320
7322
7324
7326
7328
7334
7335
7336
7337
7341
7350
7353
7358
7360
7363
7368
7371
7372
7373
7381
7389
7391
7399
7401
7402
7405
7407
7409
7411
7412
7414
7417
7419
7424
7429
7433
7450
7458
7465
7468
7469
7472
7473
7474
7482
7483
7486
7498
7504
7507
7511
7514
7516
7518
7520
752014
7528
753
7531
7534
7541
7553
7559
7561
7562
7565
7566
7568
757
7570
7572
7574
7576
7582
7586
759
7594
7597
761
762
7620
763
7633
7634
7638
7644
767
7673
768
7681
768211
7692
7699
770
7704
7705
7706
7707
7709
771
7711
7716
7728
773
7738
7745
7746
775
7750
7753
7755
776
7766
7767
7770
7771
7772
7776
7784
7798
7803
780851
780852
780854
781
7812
7818
783
7832
7837
7840
7846
7850
7852
7857
7862
7867
7871
7873
7874
7879
788
7881
78986
78987
78990
78995
790
79000
79001
79004
79015
79017
79020
79026
7903
79050
79053
79054
79056
79058
79066
79068
79072
79073
79077
79078
79083
79087
790953
79096
79100
79101
79109
7913
79132
79135
79139
79145
79147
7915
79150
79154
79155
79156
79157
79158
79159
79161
79175
79188
79192
7923
79290
793
79334
79345
79363
79364
79366
79370
79400
7941
79412
7942
79442
79443
79446
79465
79473
79549
79567
7957
79570
79572
79573
79575
79576
79577
79582
79583
79587
79591
79594
79598
79600
79602
79607
79611
79613
79616
79623
79625
79627
79628
79631
79632
79634
79639
79642
79643
79646
79647
79649
79658
79659
79660
79664
79666
79668
79670
79674
79675
79677
79679
79692
79695
79696
79698
797
79705
79706
79707
79709
79710
79712
79718
79719
79720
79723
79726
79729
79730
79731
79736
79738
79739
79740
79745
79747
79750
79752
79758
79759
7976
79770
79772
79776
7978
79783
79788
7979
79794
79796
79798
79799
79800
79801
79802
79809
79811
79813
79818
79819
7982
79820
79822
79827
79828
79831
79832
79834
79836
79837
79838
7984
79840
79842
79846
79848
79850
79858
79864
79868
79870
79871
79872
79875
79876
79879
79882
79886
79887
79888
79895
79896
79898
79899
799
79901
79903
79905
79908
79918
79925
79929
7993
79931
79932
79939
7994
79940
79944
79949
79953
79954
79960
79962
79963
79969
79970
79971
79973
79974
79977
79979
79986
79989
79990
79991
79993
79999
800
80000
80003
80005
80012
80014
80017
80018
80021
80032
80036
80039
80045
80054
80059
80067
80071
801
80110
80114
80117
80122
80124
80143
80150
80173
80183
80184
80205
80207
80208
80209
8021
80210
80213
80216
80217
80219
80221
80223
80224
80227
80228
80230
80232
80233
80237
80255
80256
80263
80264
80267
8027
80273
80279
8028
8030
80303
80304
80305
80306
80308
80310
80312
80314
80315
80319
80321
80329
80333
80339
8034
80345
80350
8036
8038
80380
8048
805
8050
8061
8065
80704
80709
80723
80724
80726
80727
80728
80741
80745
80755
80777
8078
8079
80790
808
80816
8082
80820
80821
80830
80832
8085
80853
80854
8087
8089
8091
80975
8099
81030
81033
81034
81037
8106
81061
81099
8110
8120
813
8131
81341
81392
81399
814
81458
81491
81501
81502
81533
81539
81544
81545
81550
81552
81554
81555
81558
81563
81565
81567
81575
81576
81578
816
81606
81611
81614
81616
81617
81619
81621
81624
81626
81631
81669
81671
81689
81693
817
8170
81704
8174
81790
81792
81797
81831
81839
81844
81846
81847
81849
81850
81853
81856
81857
81871
81872
81875
81888
8189
819
8193
81930
81931
8204
8208
8216
8218
822
8237
824
8242
825
828
8289
8293
830
8301
831
8310
8317
8318
8320
833
8330
83440
83445
83448
83464
83473
83478
835
8353
83541
83544
83548
83593
83594
83596
83597
83598
83605
83607
83640
8365
83650
83656
83658
83659
8366
83660
83666
83690
83692
83695
83696
837
83700
83737
83742
83743
83744
83752
83759
83795
8382
83853
83855
83856
83857
83858
8386
83861
83866
83872
83874
83875
83876
83879
8388
83891
83892
83895
83899
83930
83931
83937
83938
83939
8394
83940
83943
83955
8396
8398
83988
83989
8399
83990
83992
83998
840
8404
8405
84059
84062
84064
84065
84067
84077
84078
84081
84083
841
84100
84102
84103
84109
8411
8412
84124
84128
84132
84140
84142
84146
84148
84153
84162
84163
84164
84166
84168
84172
8418
84181
84188
84189
8419
84190
84196
84210
84216
84217
84220
84223
84236
84239
84243
84245
84246
84248
8425
84251
84253
84255
84256
84258
84259
84262
84263
84270
84273
84274
84275
8428
84280
84281
84282
84284
84288
84296
84301
84303
84307
84312
84319
84321
84329
8433
84333
84337
8434
8436
84364
8439
84418
84437
84445
8445
84451
84457
84458
84465
84467
845
8450
84502
84503
84513
8452
84520
84524
84528
84529
8453
84530
84532
8454
84542
84548
84549
8455
84553
84561
84569
84570
84572
8458
8459
84616
84620
84632
8464
84641
84643
84649
84656
84659
84665
84668
84669
8467
84671
84674
84675
84678
84679
8468
84687
84693
84698
847
8470
84707
84708
84709
84717
84725
84726
84727
84750
8476
84765
84771
84775
84787
8479
84791
84804
84809
8481
84811
84812
84816
84824
84826
84830
84832
84847
84850
84851
84852
84856
84868
84869
8487
84872
84873
84874
84878
84879
84881
84895
84897
84899
84905
84909
84910
84912
84914
84916
84919
84926
84928
84932
84933
84934
84935
84938
84946
84947
8495
84952
84955
84959
8496
84961
84967
84969
84975
84976
84978
84981
84983
84986
84987
84988
8499
84991
8500
85004
85007
85015
85016
85019
8502
85021
8505
8511
8512
8514
8518
8520
8522
8525
8526
8527
8531
85313
85315
85320
85349
85354
85358
8536
85376
85377
85379
8540
85403
85416
85417
8543
85438
85439
8544
85440
85444
85445
85446
85458
8546
85464
85476
85477
85479
85481
8549
8554
8556
8559
8562
8563
8564
8565
8569
857
8573
8574
8575
858
85865
8590
86
860
8601
8602
8603
8605
8609
8611
8613
8618
862
8621
8622
8623
8626
8633
8638
8644
8648
8649
865
8654
866
8663
8665
867
8671
8672
868
8682
8701
8706
8708
8710
8714
8715
87178
8720
8724
8725
8726
8727
8729
8731
8732
8736
8737
8738
8743
8744
8751
8754
8761
8763
8766
8767
8773
8776
8777
8792
8797
8798
88
8801
8802
8803
8805
8814
8816
8817
8821
8825
8826
8828
8829
8833
8836
8837
8838
8839
8842
8844
88455
8846
8847
8848
885
8854
886
8863
8864
8867
8869
8871
8872
8874
8875
8879
8880
889
8891
8892
8893
8895
8897
8898
8899
890
8900
8904
8905
8908
891
8910
892
8924
8925
8933
8934
8935
8940
8943
8945
896
8968
8969
8972
8974
8975
89766
89777
89781
89782
89796
89797
898
89832
89837
89838
89845
89866
89886
8989
89890
89910
89927
89932
8994
89944
8997
89970
89978
8999
90
90007
90060
90075
90102
90134
90139
9015
9016
90167
9019
90199
902
9024
90268
90271
90273
90288
90293
90313
90317
90321
90324
90355
90362
9037
9038
90390
90407
90411
90416
90417
9043
9044
90459
90488
9049
9050
9052
90529
9054
90550
90557
9056
90576
90589
90592
90594
9061
90624
90627
9063
90634
90639
90649
9069
9070
90701
90737
9075
9076
9079
90799
908
90806
9082
9083
90853
90871
90874
90933
9095
90956
90993
91
910
9101
91010
91012
91039
91050
91074
9108
9113
91133
91147
91149
9117
912
9121
9124
9125
9126
9133
9134
91355
91404
91433
9145
91452
91522
91523
91526
9154
91543
91584
91607
9162
91624
91646
91653
9166
91661
91662
91664
9167
91694
91746
91748
91749
9175
91754
9177
9179
9180
9181
9182
91833
9184
91851
91869
9187
9188
919
9194
91942
91947
91949
9197
91975
91977
92
92002
9201
92017
9203
9204
9205
9208
92104
92105
9211
9214
92140
9215
9217
9221
92211
9223
92235
92255
9227
92270
92285
9229
92291
92292
92304
9231
92344
92345
92346
9236
92369
925
9252
92521
9255
92565
92579
9258
92595
92597
9263
9265
9267
9270
92703
92715
92737
92747
9275
928
92822
9287
92912
92935
92949
9296
92999
93035
9304
9308
93109
93129
9313
9315
93166
9317
93183
9319
9320
9321
9322
93233
9325
933
9330
9331
9333
9334
9343
93436
9344
9350
93517
9353
9354
93556
9358
93589
93594
93624
93627
9363
9364
93649
93654
93663
93664
9369
9371
9372
9376
9378
9379
9380
9388
9392
9394
9397
93973
93974
93979
93986
9400
94009
9402
94025
9403
94032
94039
94056
9407
94097
941
9411
9412
94121
9413
94134
9414
94150
94151
9416
94160
9422
94239
94240
9425
9429
9439
944
9444
9445
9446
9447
9448
945
9451
9453
9457
9459
9462
9465
9466
9468
9469
947
9472
9475
948
9480
9482
9486
9488
9489
9491
9497
9498
9499
950
9500
9502
9508
9516
9518
9519
952
9520
9522
9528
9534
954
9540
955
9554
9555
9559
9563
9564
95681
9569
9570
9577
958
9583
9584
9585
9586
9587
9590
9595
960
9601
9603
9604
9611
9612
9615
9619
9627
9628
9629
963
9630
9632
9633
9637
9638
9639
9645
96459
9646
9648
9649
9650
9652
9653
9654
9659
966
96610
9662
96626
9663
9665
9667
9668
9677
9678
9681
9682
9683
9686
9687
9688
9689
9690
9693
9694
9696
9698
9699
97
9702
9704
9705
9706
9711
9716
9720
9723
9727
9728
9734
9736
9741
9743
9747
9748
9749
9750
9759
976
9761
9764
9770
9771
9772
9775
9777
9779
9780
9782
9785
9787
9791
9792
9793
9794
9797
9802
9804
9805
9807
9811
9812
9813
9815
9819
9821
9824
9826
9827
9829
9832
9834
9839
9842
9844
9846
9847
9848
9851
9853
9855
9856
9857
9859
9860
9862
9863
9865
9866
9867
987
9870
9871
9873
9874
9877
9878
9879
9882
9883
9884
9885
9886
9887
9889
989
9890
9891
9892
9896
9901
9907
9910
9914
9915
9919
9921
9923
9925
9926
9931
9933
9934
9938
9941
9942
9943
9945
9946
9948
995
9950
9953
9956
9957
9958
996
9962
9965
9967
9969
9971
9980
9982
9989
999
9990
9993
9994