1555	5.13886
1351	5.19299
1028	8.47568
1058	5.85022
1620	5.61346
1059	6.76526
1213	6.59997
1629	5.66158
1117	5.52364
1282	5.04018
1144	6.672
1238	6.53922
1503	5.26108
1149	5.61608
1117	5.68529
1481	5.72789
1111	5.22983
1139	5.34578
1143	5.05836
1711	5.22236
1686	5.42562
1291	5.60528
1261	7.22166
1019	5.61696
1299	5.28045
1150	5.8771
1082	5.01936
1322	5.51257
1574	5.53853
1590	5.74367
1078	5.06068
1672	6.36873
1171	5.00124
1071	6.58357
1482	5.10872
1086	5.23405
1353	5.28067
1133	5.8926
1110	5.24391
1414	6.32775
1301	5.50726
1062	5.04397
1694	6.77295
1274	5.10628
1045	5.05272
1537	6.07906
1153	5.25386
1373	5.41626
1231	5.11725
1359	5.43436
1038	5.27868
1698	5.07907
1502	5.88805
1765	5.21784
1019	5.9519
1038	6.28279
1025	5.44419
1172	5.59543
2088	5.71567
1193	5.69641
1216	6.80403
1526	5.25386
1452	5.2159
1110	5.11439
1509	5.43728
1582	5.75362
1296	5.72995
1678	6.00838
1491	5.55342
1200	5.12548
1179	5.80416
1382	5.44448
1151	5.17439
2395	5.1952
1261	5.63113
1867	5.7352
1488	5.04118
1056	5.81717
1003	8.71725
1147	5.2424
1040	5.38793
2227	5.36712
1859	5.01616
1085	5.69268
1254	5.31293
1091	5.28809
1042	6.5845
1126	7.30917
1048	5.18132
1190	5.00783
1068	5.08255
1067	7.91021
1119	5.4188
1150	5.23321
1123	5.44178
1005	5.35157
1180	7.14096
1008	5.88033
1794	5.17948
1180	5.45012
1559	6.30158
1189	5.2654
1660	5.63984
1315	5.33336
1318	5.11186
1112	5.89601
1192	5.59965
1651	5.69425
2078	5.42338
1318	5.49774
1363	5.29991
1051	5.14326
1897	5.45246
1171	6.39462
1373	6.80126
2180	5.56478
1051	5.81021
1590	5.3632
1265	5.29103
1232	7.60652
1048	5.17288
1138	5.1946
1076	7.56706
1103	5.22824
1030	5.18101
1383	5.958
1251	5.33734
1171	5.36895
1123	6.56603
1006	5.75613
2261	5.09589
1171	6.2508
1462	6.00558
1358	5.32732
1253	5.76052
1048	5.48275
1386	6.00815
1062	6.16344
1539	5.01258
1106	5.85181
1113	8.0117
1373	5.50629
1538	5.20829
1371	5.02527
1183	5.15974
1924	5.03441
1047	6.9294
1096	6.1289
1558	5.35164
1465	5.25843
1847	5.49442
2408	5.48655
1214	5.14363
1166	5.42354
1140	5.06607
1088	5.09216
1299	6.11884
1200	5.37231
1081	5.39498
1204	5.61169
1414	5.3129
1164	5.45833
1280	6.35562
1069	5.66508
1330	5.25952
1154	7.55333
1368	6.87786
1112	6.10967
1015	5.16183
1250	6.63481
1183	5.74539
1123	5.82835
1198	6.22415
1569	5.52578
1381	5.93542
1159	5.00237
1183	6.9539
1180	5.18174
1590	5.10953
1061	5.53818
1343	5.16851
1212	5.51587
1983	5.08477
1140	5.02254
1107	5.43425
1962	5.07763
1256	5.27569
1045	5.4951
1082	8.19547
1212	8.065
1252	5.9017
1393	5.59031
1123	5.76293
1172	5.09207
1708	5.61575
1124	5.08687
1082	5.6648
1631	5.31237
1235	6.22901
1033	5.65698
1596	5.21974
1154	6.67137
1409	5.66678
1155	5.78745
1145	6.16581
1997	5.28579
1011	6.71926
1083	5.39772
1126	5.98254
1025	5.91314
1012	5.07237
1163	5.32783
1106	6.7798
1073	5.40228
1026	6.37542
1135	6.11012
1161	5.60779
1190	7.06725
1365	5.62987
1319	6.73002
1646	5.98495
1205	5.34758
1145	5.46943
1881	5.22045
1331	5.27883
1178	5.18104
1296	6.35565
1048	10.22
1254	5.42838
1353	5.91922
1388	5.53826
1477	5.0658
1460	5.46843
1047	5.29581
1076	5.14728
1484	5.04652
1047	5.27979
1065	5.02084
1488	5.3926
2520	5.32352
1534	5.13334
1145	6.24887
1309	6.61112
1040	5.03834
1005	5.53428
1023	5.07986
1130	5.99531
1160	6.06992
1221	5.19781
1420	5.67117
1759	5.36634
1024	5.67907
1288	6.02973
1367	5.60331
1940	5.16367
1429	5.58011
1188	5.20782
1451	5.82793
1132	7.78386
1243	5.34933
1481	5.25353
1201	7.74049
1791	5.12464
1805	5.09112
1218	5.53494
2159	5.11256
1222	5.01621
1309	5.43748
1093	6.69617
2026	5.05408
1834	5.04208
1743	5.23914
1127	5.8367
1115	5.63702
1134	5.39514
1070	5.62714
1367	6.18241
1055	7.23868
1256	5.93581
1163	6.79311
1143	5.18716
2275	5.31925
1295	6.81096
1278	5.34713
1569	5.92321
1189	7.32228
1115	5.71343
1397	6.10959
1088	5.21204
1907	5.02193
1245	5.79684
1006	5.33854
1668	5.06811
1255	6.34124
1027	6.51607
1018	6.40815
1425	6.03654
1180	7.48278
1579	5.15777
1628	5.03819
1142	5.69447
1286	5.03429
1338	5.49071
1688	6.2634
1851	6.28468
1447	6.01784
1291	5.55114
1197	7.23077
1149	5.25659
1419	5.66778
1806	5.27686
1032	5.51157
1867	5.09518
1177	6.11205
1874	5.08919
1348	5.45188
1441	5.27101
1206	5.04694
1344	7.35703
1198	5.21211
1023	6.33478
1110	5.59656
1767	5.16725
1440	5.02897
1218	6.14402
1421	5.07756
1591	5.06326
1400	6.07503
1026	5.2578
1351	5.36488
1221	5.03103
1142	6.26726
1076	5.8038
1343	5.47303
1443	5.7088
1672	5.48609
1009	5.65964
1611	5.41835
1124	5.94026
1078	5.05008
1585	5.26458
1396	5.39274
1817	5.1554
1577	6.42339
1112	5.08366
1848	5.84986
1221	5.47554
1073	5.44975
1568	6.35344
1121	6.00815
1408	5.26257
1203	5.27402
1172	5.16251
1595	5.30727
1160	5.6652
1981	5.49293
1279	5.60476
1122	5.31764
1799	5.33735
1285	5.59591
1817	5.16938
1061	5.99639
1021	5.7844
1335	5.09883
1361	5.07163
1517	5.4359
1230	5.28957
1192	6.98351
1410	5.17224
1877	6.58207
1877	5.58524
1415	5.79206
2043	5.42262
1070	5.01993
1044	5.9693
1453	5.17067
1198	5.05604
1260	5.88931
1068	6.11448
1643	5.25891
1272	5.15435
2177	5.94396
1203	5.71545
1398	5.34977
1070	6.36071
1019	5.53367
1052	6.23183
1686	5.76991
1044	7.05596
1407	5.79719
1456	5.17838
1296	5.1426
1185	6.04083
1116	5.99546
1434	5.34238
1015	5.74867
1193	5.99754
1632	5.26865
1005	5.16167
1958	5.00343
1147	5.19823
1215	5.33222
1217	5.0163
1543	5.62056
1473	5.02423
1097	5.07449
1369	5.17193
1335	5.50582
1261	5.36
1052	5.97043
1126	5.09778
1071	5.6091
1121	5.42094
1039	6.4934
1069	5.17026
1684	5.00647
1191	11.1783
1454	5.10685
1249	5.80241
1698	6.26786
1461	5.22815
1038	5.29855
1348	5.08359
1127	5.04815
1370	5.26798
1276	5.10397
1146	5.2111
1245	5.41906
1593	5.16213
1020	6.65787
1107	5.43897
1270	5.10184
1094	6.37569
1117	5.07473
1013	6.36667
1160	5.40326
1519	5.57055
1539	6.07655
1124	5.17593
2006	5.41951
1290	5.28981
1272	5.03875
1098	5.22872
1361	5.19599
1278	5.18453
1241	6.26761
1379	5.3205
1296	5.40653
1012	5.51501
1246	6.08025
1491	5.03649
1167	5.4377
1134	5.42464
1071	5.21318
1061	5.42347
1078	8.47493
1155	5.43328
1077	5.14663
1177	5.18496
1770	5.10872
1368	6.45167
1150	5.01022
1131	5.23044
1081	5.48035
1267	5.20367
1053	5.31193
1425	5.40872
1010	5.31781
1017	5.48217
1054	5.90749
1094	5.0563
1146	5.13706
1019	6.09754
1293	5.01914
1056	5.47121
1369	5.70224
1025	6.15948
1950	5.01812
1026	5.53563
1133	5.44841
1144	5.07247
1522	6.20856
1269	5.83183
1891	5.4839
1220	5.03478
1224	5.47484
1140	6.69153
1208	5.61272
1049	5.76357
1174	5.79135
1372	5.73033
1055	6.37412
1171	5.12226
1167	5.24248
1523	5.0593
1079	5.8785
1201	6.15275
1276	8.54074
1116	6.2551
1194	6.14786
1651	5.22111
1648	5.18035
1118	5.17799
1100	6.31144
1013	5.54125
1428	5.29415
1269	5.28486
1052	5.22809
1144	5.34467
1668	5.69455
1395	5.06335
1199	5.21487
1153	6.03355
1556	5.00821
1043	5.97029
1102	5.37667
1052	5.48716
1491	5.64168
1479	5.2564
1065	6.29024
1182	5.95635
1220	5.4202
1190	5.55071
1071	6.08963
1284	5.35174
1092	5.04193
1258	5.74531
1145	5.00695
1124	5.62514
1825	5.26599
1020	5.00305
1438	5.31902
1147	5.91048
1460	6.12867
1646	5.17341
1138	5.63957
1498	5.51467
1158	5.33878
1711	5.79559
1172	6.1606
1042	5.01992
1131	5.17304
2563	5.05016
1120	6.17452
1818	5.35232
1087	5.09524
1168	5.15178
1099	5.24663
1240	5.36449
1017	5.26373
1662	5.17123
1398	5.34474
1047	5.33172
1050	5.0484
1340	6.05516
1313	5.05093
1089	6.25455
2212	5.0865
2032	5.02483
1168	5.74176
1187	7.44195
1528	5.17776
1114	5.16762
1026	6.1936
1059	5.81645
1123	5.19028
1251	5.00638
1088	5.26967
1291	5.64482
1119	6.08126
1730	5.3567
1077	5.16618
1034	7.00567
1055	5.5211
1752	6.3852
2125	5.15876
1188	6.29239
1181	5.35377
1100	5.13948
1054	6.21881
1154	5.33351
1137	5.51686
1240	5.60511
1178	5.02098
1216	6.56328
1863	5.20661
1047	6.30416
1172	5.11414
1056	5.31998
1014	5.0758
1072	5.30033
1182	5.98862
1090	6.02224
1094	7.69819
1608	5.35008
1242	5.11026
1163	5.19761
1366	5.22041
1498	5.45248
1035	6.18085
1566	6.16999
1581	5.5207
1231	5.06395
1163	6.73043
1134	5.33325
1192	5.29018
1153	5.13322
1217	5.50027
1933	5.04539
1763	5.19368
1252	5.48424
2435	5.89638
2697	5.21752
1656	5.09666
1007	5.16262
1238	5.41568
1069	5.04743
1367	5.42188
1522	6.2448
1232	5.44293
1871	5.09122
1175	5.05481
1823	5.08382
1059	5.2264
1601	5.02485
1340	5.00977
2124	5.69613
1711	5.06907
1488	5.46983
1074	5.03744
1141	6.10317
1139	5.12232
1024	5.2594
1147	5.17419
1262	5.17099
1284	5.23669
1059	5.04469
1075	6.61639
1277	6.15325
1913	5.77902
1509	5.297
1107	5.20247
1344	5.09763
1522	5.12132
1081	5.03852
1826	5.98569
1122	6.61866
1479	5.37803
1328	5.15171
1331	5.97034
1095	5.66348
1672	5.00185
1051	5.10685
1159	5.19474
1978	5.40162
1082	5.22429
1168	6.71111
1635	6.59865
1011	5.42432
1049	7.04909
1301	6.18638
1258	6.46643
1124	5.18271
1017	5.07179
1200	7.58496
2323	5.136
2067	5.81353
1056	5.26736
1309	6.5045
1226	5.58748
1320	10.9321
1418	5.83932
1110	6.64762
1381	5.85092
1010	5.96079
2166	5.18678
1080	6.68091
1143	5.35371
1124	6.37293
1380	5.59317
1890	5.06741
2408	5.25789
1055	5.21647
1550	6.66237
1126	5.01392
1020	5.98782
1041	6.46529
1075	5.64763
1076	5.37716
1223	5.55087
1147	5.82197
1349	5.01148
1262	5.62748
1642	5.76981
1220	5.09427
1639	5.04541
2080	5.78632
1039	5.88585
1071	5.23501
1229	5.00595
1175	5.35099
1112	6.47694
1007	5.11492
1125	5.57907
1160	6.00384
1011	5.08588
1751	5.00629
1521	5.20266
1023	5.06793
1062	5.53557
1015	7.37947
1177	5.0666
1191	5.72841
1150	5.04443
1284	5.15892
1365	5.03462
1993	5.84103
1580	5.8023
1033	5.41126
1272	5.27823
2851	5.27257
1388	5.15727
1072	5.15205
1167	5.0916
1211	5.5948
1874	5.07722
1482	5.82952
2014	5.28028
1051	5.04889
1066	5.56224
2006	5.19062
1007	5.10689
1244	5.4586
1314	5.08335
1303	5.1053
1181	8.06076
1342	5.34393
1100	5.05159
1015	5.0306
1261	6.56814
1745	5.89363
1419	5.19603
1155	5.64392
1703	5.17172
1230	5.7858
1399	5.52165
1158	6.83383
1710	5.35168
1574	5.50112
1338	5.02298
1326	5.07542
1155	5.44462
1212	5.69435
1007	5.65412
1904	6.42569
1374	5.53004
1438	5.67359
1629	5.16714
1211	5.61216
1379	5.91305
1124	5.51236
1091	6.36877
1333	6.48047
1768	5.48509
1044	5.38017
1066	5.44623
1152	5.14646
1083	5.07789
1045	7.01768
1877	5.1229
1435	6.5679
1108	5.56886
1312	5.32642
1392	5.07026
1640	5.13386
1011	6.36382
2372	5.52353
1661	5.0944
1947	5.08542
1178	5.14215
1192	5.15198
1172	5.8248
1003	5.94307
1102	7.34331
1057	6.7664
1892	5.03371
2234	5.28615
1158	6.88729
1280	6.11777
1056	6.53817
1042	7.13328
1596	5.76993
1589	5.1622
1121	5.15227
1031	5.1063
1182	5.11491
1352	5.59274
1115	5.00224
1048	5.26372
1847	5.07957
1192	5.89686
1083	5.24839
1537	5.45338
1017	6.05209
1185	7.14075
1193	6.34073
1173	6.9366
1137	5.38282
1199	5.00515
1041	5.96862
1031	5.73475
1067	5.42401
1737	5.17614
1940	5.07748
1213	5.76061
1325	6.86935
1757	6.56753
1346	7.59629
1272	5.13119
1159	5.67187
1209	5.8973
1881	5.82337
1001	6.30336
1926	6.02789
1553	7.59191
1060	5.31336
1020	6.12171
1087	5.46964
2309	5.28502
1455	7.66783
2055	5.21294
1003	7.20743
1163	5.12787
1015	6.51748
1073	5.64972
1027	6.61197
1030	5.84771
1003	5.17783
1061	5.51589
1012	5.11476
1167	6.25556
2191	5.11158
1181	5.74231
2018	5.27304
1057	5.43326
1433	6.70576
1078	5.93202
1008	7.05273
2051	5.75442
1139	6.1965
1036	6.78404
1717	6.5022
1070	5.3642
1061	5.51476
1420	5.0574
1934	5.1802
1145	5.31393
1174	5.29094
1587	5.10476
1168	5.56857
1127	5.42006
1257	5.0572
1217	5.05595
1077	5.03726
1009	6.0782
1090	6.92283
1411	5.38763
1764	6.3959
1158	5.93655
1358	5.95641
1177	6.34846
1906	5.32746
1534	5.37557
1714	5.39307
1162	5.69433
1637	5.87232
1486	5.71077
1698	6.90131
1094	5.50184
1372	5.93983
1045	5.86829
1194	5.00669
1449	5.39299
1330	5.19287
1168	5.30982
1099	5.69307
1273	5.33246
1554	5.11352
1330	5.12423
1486	6.53953
1223	5.73041
1090	5.63671
1962	5.12348
1016	5.43256
1058	6.48641
1165	5.2807
1404	5.23016
1110	5.43455
1196	5.52075
1230	5.05018
1277	6.36964
1068	5.31092
2663	5.37382
1071	5.7222
1455	5.26373
1567	5.16635
1119	6.64588
1136	6.06719
1098	5.86346
1163	5.53925
1063	6.07994
1137	7.3259
1250	5.12299
1169	6.7017
2444	5.30422
1112	5.49682
1129	5.43155
1439	6.44603
1152	5.26312
1681	5.69506
1536	5.0661
1370	6.00427
1001	5.0925
1309	7.42815
1567	6.03195
1003	5.4818
1241	5.8734
1101	5.18888
1405	6.20363
1140	5.45308
1076	6.30332
1221	5.24958
1215	5.98762
1045	5.32109
1044	5.25476
1489	5.55954
1326	5.32098
1460	5.64758
1600	5.51777
1194	6.08569
2673	5.26073
1575	5.46941
1000	9.19543
1089	6.66657
1111	5.96978
1031	7.61534
1976	5.17545
1204	6.97542
1184	6.07309
1011	5.06934
1085	5.37524
1171	5.73955
1366	5.28857
1029	5.19273
1463	5.27678
1263	5.55679
1316	5.72717
1704	5.20239
2075	5.22191
1465	5.06056
1150	6.2878
1468	5.16881
1233	5.59666
1373	5.70052
1204	6.52186
1572	5.58878
1287	5.76718
1089	6.09885
1281	5.02136
2487	5.04996
1211	5.19191
1231	5.12071
1954	5.05168
1087	5.17069
1051	5.7672
1081	5.2546
1219	5.94785
1321	8.28457
1140	6.99866
1447	5.29978
2010	5.59441
1660	5.08172
1088	6.09498
1097	5.19866
1341	7.06907
1351	5.10365
1198	5.03646
2374	5.20966
1663	5.55386
1113	5.90925
1270	5.63007
1017	6.43277
1140	5.03188
1018	8.71351
1144	5.76834
1884	5.29908
1629	5.0224
1183	5.2483
1481	5.4196
1995	5.10684
1116	5.18008
1215	5.17352
1072	5.19366
1274	5.89608
1116	5.89621
1083	5.60187
1254	5.43163
1203	5.3531
1128	5.3141
2408	5.00792
1112	6.40709
1258	6.54827
1488	5.08829
1720	6.07763
1044	5.66038
1889	5.02502
1154	6.3539
1649	6.94225
1130	6.64823
1371	5.42091
1011	5.64261
1279	7.04599
1150	5.03869
1754	5.65608
1210	5.69531
1485	5.68684
1165	5.23222
1638	5.11515
1069	5.55416
1246	5.12382
1353	5.00979
1212	5.05948
1912	5.52282
1173	5.11868
1116	5.65294
2123	6.16465
1122	6.52542
1040	5.91434
1147	5.08487
1241	5.2646
1168	5.52533
1003	6.6612
2555	5.36115
1289	5.07857
1048	5.30248
1224	5.58983
1430	5.84944
1708	5.44712
1676	5.00538
1802	5.05036
1734	5.49733
1092	5.42421
1177	5.33327
1563	6.80935
1284	5.45363
1713	5.1541
1337	5.28785
1115	6.8954
1203	5.55853
1941	5.8339
1805	5.07059
1132	6.84641
1064	6.1186
1129	6.24713
1575	6.42932
1095	5.40196
1629	5.48558
1034	5.08165
1239	5.12097
1019	6.58599
1372	5.09909
1695	5.14631
1060	5.21046
1571	5.69552
1106	8.38121
1232	5.40104
1071	6.27673
1159	5.10398
1103	5.03726
1013	6.02434
2009	6.16954
1225	5.34098
1021	5.3424
1026	5.78138
1095	5.67954
1170	5.20049
2038	5.05018
1128	5.53434
2080	5.49997
1212	5.89231
1593	5.71637
1106	5.56364
1952	5.64018
1050	5.31227
1314	5.17511
1519	5.237
1332	5.7385
1034	5.63794
1431	6.28638
1018	5.00147
1878	5.08508
1114	6.22514
1105	6.09935
1123	6.7364
1636	5.58656
1756	6.38927
1031	5.58793
1082	5.21518
1207	6.26776
1072	6.30887
1297	5.44373
1251	5.13942
1065	8.38532
1219	5.02735
1232	5.483
1157	7.31435
1066	5.09173
1397	5.46681
1134	7.37316
1156	7.06836
1112	5.96973
1169	5.44497
1016	5.10911
2184	5.04954
1142	6.21585
1062	5.96984
1827	5.21261
1423	6.69198
1129	6.88387
1156	5.17217
1075	5.10438
1678	5.12287
1108	5.53954
1411	5.25001
2187	5.60307
1406	6.75711
1046	5.60201
1766	5.81418
1018	7.20273
1018	5.17598
1124	5.09377
1093	6.92461
1679	5.1962
1209	6.78815
1030	8.07497
1068	5.26868
1170	6.24346
1250	6.02794
2007	6.92517
1537	5.10771
1297	5.16016
1194	7.76395
1010	5.59856
1090	7.06144
1679	5.03836
1596	5.37089
2747	5.11817
1379	5.9137
1168	5.26634
1735	5.54517
1170	5.62132
1034	8.29938
1059	5.90289
1024	5.45963
1035	6.44696
1199	5.21191
1268	5.36947
1017	5.36036
1217	5.07326
1185	5.71609
1024	5.20395
1115	5.61053
1874	5.17286
1025	5.15532
1036	7.36555
1006	6.12983
1080	5.99111
1446	5.37713
1159	5.48746
1301	5.42644
1261	5.16021
1769	5.68463
2988	5.65928
1153	5.72149
1049	6.703
1027	5.3622
2062	5.1641
1216	5.43003
1623	5.04589
1058	5.12577
1230	5.05848
1410	5.046
1409	5.26163
1267	6.00667
1034	5.21034
1244	5.05498
1044	5.45414
1038	5.40168
1218	6.2364
1436	5.0162
1732	5.05144
1185	5.52767
1154	6.29635
1328	5.07322
1331	5.33956
1137	5.41197
1203	6.05618
2666	5.22458
1789	5.46071
1174	5.38644
1004	5.24355
2022	5.07929
1138	6.70985
1041	5.23557
1065	6.20395
1034	5.30906
1508	5.42631
1529	5.66171
1003	7.50142
1036	5.1091
1225	6.12104
2192	5.02605
1212	6.36952
2331	5.2972
1085	7.11941
1171	5.32662
1113	5.6229
1056	5.38717
1023	6.49599
1169	5.70263
1745	6.81096
1176	5.49814
1051	5.11126
1218	6.97301
1390	5.27658
1101	7.37023
1062	6.64445
1944	5.38677
1107	6.97419
1205	5.27478
1685	5.76813
1030	5.01472
1374	5.94259
1086	6.42229
2036	5.10805
1162	5.1617
1616	5.66883
1492	6.2096
1033	5.09565
1021	5.62583
1666	5.87129
1050	5.52815
1536	5.01225
1060	5.46468
1725	5.10447
1099	5.29098
1233	5.06189
1436	5.35534
1327	6.75563
2039	5.05731
1125	6.59529
1002	6.45666
1135	5.12711
1782	5.01432
1804	5.35022
1006	6.06338
1101	6.09377
1589	5.10974
1091	8.62216
2490	5.11109
1364	6.59491
2060	5.24845
1479	5.1687
1005	5.64172
1310	5.19597
1136	5.30601
1643	6.33655
1156	5.64859
1198	6.10113
1090	5.65931
1164	5.07907
1176	5.46101
1351	5.12872
1231	5.2409
1183	5.01772
1236	5.38059
1065	5.78397
1002	5.24168
1150	5.48943
1458	5.16002
1590	5.57108
1593	5.16143
1000	5.12251
1621	5.77417
1060	5.00144
1202	5.80194
1022	5.10563
1016	5.26586
1170	5.13797
1842	5.97975
1136	5.12102
1025	5.5294
1006	5.00664
2080	5.27337
1044	5.71873
1220	6.19632
2049	5.39691
1334	5.41198
1104	5.23252
1021	5.04211
1070	5.11173
1607	5.32154
1824	5.1141
2183	5.03392
1393	7.36789
1178	5.80341
1666	5.54521
1103	5.2708
1160	5.79903
1798	5.37442
1100	5.86366
1005	5.60623
1284	5.54934
2701	5.47729
1133	5.19026
1559	6.0399
1121	5.24897
1010	6.52722
1113	5.31524
1008	5.72604
1578	5.05357
1155	5.64932
1545	5.17784
1058	5.70481
1362	5.60317
1446	5.09017
2002	5.51715
1505	5.07706
1116	5.41186
1210	5.35818
1051	7.79994
1290	5.04224
1311	5.18228
1038	5.28104
1488	5.26514
1153	5.48501
1302	5.01663
1879	5.62897
1143	5.84011
1596	5.69575
1060	7.3828
1988	5.81159
1452	5.42608
1529	5.19314
1023	5.04274
1681	5.02055
2793	5.61246
1022	5.60127
1696	5.27147
1140	5.22497
1368	5.44185
1969	5.40543
1205	5.01154
1471	5.4275
1279	5.10263
1092	6.10455
1688	5.24167
1190	5.35952
1876	5.33491
1117	6.96382
1826	5.22419
1241	6.74713
1104	5.56862
1341	5.50349
1073	5.40089
1113	5.25259
1725	5.19315
1585	5.11955
1485	5.49522
1545	6.00187
1045	5.09631
1125	5.30866
1624	5.30498
1515	5.8422
1918	5.21226
1819	5.74733
1383	5.5606
1032	5.10442
1107	5.19616
1616	5.63717
1149	5.36974
2318	5.17171
1234	5.89223
1336	6.57682
1402	5.44604
1853	5.0853
1520	6.53871
1220	5.14048
1276	5.09309
1534	5.4549
1103	7.36094
1604	6.99568
1044	5.58406
2452	5.00955
1075	5.70575
1189	5.3052
1714	5.18996
1073	6.18352
1600	5.6992
1370	6.60701
1884	5.01929
1046	5.059
2012	6.60761
1329	5.19882
1320	5.23139
1217	6.14934
1193	5.51106
2080	5.71817
1501	5.06062
1130	5.03585
1236	5.66051
1184	5.27317
1312	5.22835
1351	5.05348
1965	5.03863
1276	5.28332
1079	5.95965
1559	5.52779
1143	5.11192
1261	6.90237
1260	5.42365
2685	5.11257
1186	5.63387
1195	5.18296
2121	5.24853
1713	5.10965
1036	5.78163
1043	5.58583
1109	5.08404
1277	5.97866
1170	5.05599
1057	6.75869
1130	7.41977
1027	5.20371
1873	5.40595
1110	5.29876
1009	5.66107
1158	5.00299
1073	5.70619
1691	5.43386
1734	6.00654
1660	5.27472
1025	5.8767
2333	5.83562
1324	5.4966
1291	5.3434
1322	5.35997
1786	5.29709
1213	5.68562
1004	5.45236
1243	6.49601
1863	5.24614
1302	6.34675
1134	8.29148
1025	5.41424
1237	8.3369
1065	5.32484
1020	5.84853
1175	5.07831
1394	5.87054
1023	6.56075
1441	5.59124
1678	5.10142
1040	5.69841
1061	6.00855
1124	5.59243
1049	5.25892
1003	5.0175
1123	5.06546
1042	5.02829
1014	6.10872
1397	5.75046
1020	5.11293
2120	5.02147
1013	8.01282
1040	5.56437
1075	5.92883
1014	5.94685
1106	5.63209
1017	5.06294
1091	6.26351
1121	6.04651
1045	5.31355
1166	5.16951
1244	6.20188
1087	5.18529
1488	5.61275
2005	5.05443
1341	5.82535
1049	5.37524
2064	5.83409
1855	5.14769
1410	6.04687
1824	7.19627
1357	5.03409
1285	6.04163
1244	5.59499
1256	5.19412
1150	5.67402
1066	5.13889
1087	5.29074
1092	5.55152
1180	5.32523
1094	5.7751
1838	5.66515
1189	5.20082
1400	5.09775
1274	5.34031
1383	8.19188
1663	5.31011
1342	5.14649
1207	5.28018
1267	5.42769
1335	6.06039
1111	6.39944
1211	5.49602
1086	5.22557
1131	5.52704
1465	5.66159
1132	5.16786
1185	5.06832
1878	5.33083
1215	5.37828
1114	5.12745
1646	5.3895
1022	5.10385
1661	5.43158
1086	5.06646
2953	5.1151
1497	5.84045
1394	6.20917
1332	5.14811
1130	5.49885
1519	5.42767
1167	5.78475
1164	5.20615
1154	5.27796
1746	5.71723
1909	6.57845
1276	5.02513
1086	6.04652
1101	5.49334
1296	5.01444
1453	6.48128
1241	6.41225
1034	5.31995
1283	5.11091
1088	5.08235
1682	5.2129
1241	5.30126
2340	5.46132
1924	5.42614
1302	5.15624
1010	5.29191
1131	7.20512
1128	5.31783
1178	5.33527
1230	5.02029
1241	5.72601
1127	5.42467
2152	5.07967
1329	5.9327
1791	5.15168
1005	5.3634
1613	6.02035
1093	8.92801
1035	5.46772
1018	5.03921
1041	5.65174
1109	5.35086
1096	5.38916
1313	5.99587
1223	6.06993
1052	6.24593
1237	5.07214
1154	5.26186
1167	5.76608
1603	6.07065
1208	5.12647
2731	5.3941
1110	5.67938
1094	6.52966
1596	5.10763
1056	6.37647
1158	5.94929
1290	5.41608
1372	5.06667
1066	5.04923
1335	5.81535
1357	5.39644
1208	5.53288
1531	5.20099
1213	5.40038
1454	5.14107
1717	5.38924
1617	5.39447
1844	5.41201
1010	5.05032
1137	6.44547
1230	6.21035
1728	5.43681
2215	5.30433
1394	6.06863
2074	5.38266
1109	9.54922
1088	6.06387
1528	5.04512
1317	5.92728
1930	5.95056
1039	5.2155
1043	5.31618
1018	5.24713
1458	5.74554
1061	6.16978
1025	6.32815
1193	5.86608
1426	5.43695
1209	5.12704
1674	6.05697
1200	5.11578
1110	6.84155
1019	5.66463
1540	5.27834
1742	5.0232
2152	6.25724
1288	5.87038
1125	6.77624
1160	6.6552
1169	5.62988
1108	5.48114
1877	5.03918
1855	5.29278
1051	7.38291
1191	5.37197
1190	5.64787
1196	5.99107
1090	7.25109
1565	5.27017
1507	5.04271
1218	7.05743
1104	5.82408
1080	7.11713
1036	7.6398
1053	5.41233
1127	5.1694
1591	5.66481
1026	5.32968
1143	5.27349
1678	5.26708
1128	6.23416
1010	5.33958
1356	5.94183
1244	6.06613
1495	5.37759
1291	5.06998
1076	6.11189
1029	9.37551
1199	5.13003
1421	5.3078
1058	5.07333
2102	5.90597
1203	7.4965
1239	5.30273
1032	5.65505
1027	5.7685
1528	5.1351
1443	5.0697
1866	5.48485
1399	5.0916
1076	5.62472
1418	6.1813
1358	6.16822
1032	6.14572
1152	5.19428
1486	5.47591
1110	5.10823
1397	5.29124
1131	5.13109
1465	5.28725
1151	5.72446
1055	5.9717
1046	6.56196
1130	6.22222
2096	5.17147
1055	5.045
1189	5.11595
1258	5.77011
1109	6.46217
1007	5.13717
1023	5.90086
1306	6.03737
1247	5.40865
1118	5.50321
1024	6.0478
1104	5.24626
1192	7.73935
1027	7.42447
1103	5.04448
1291	5.13651
1186	5.28033
1125	5.75747
1080	5.00207
1023	6.81179
1691	5.7194
1080	5.36092
2352	5.08118
1548	5.38351
1022	5.54773
1186	5.00849
1156	5.11078
1746	6.67315
1492	6.68719
1793	7.43688
1450	5.81846
1670	5.24405
1176	6.59606
1201	5.92206
1435	5.24934
1526	5.14159
1044	5.44833
1132	5.11363
1242	5.35925
1453	5.14268
1267	5.40168
1051	5.39221
1003	7.9325
1040	5.45103
1167	5.3336
1134	5.31184
1695	5.70994
1161	5.7935
1240	7.70947
1223	5.36209
2060	5.01254
1127	6.97719
1053	6.65849
1105	5.91974
1835	5.7068
1458	6.56547
1238	5.12973
1231	5.4505
1285	5.32758
2073	5.05591
1556	5.06437
1420	5.1379
1071	5.03922
1075	6.31365
1486	5.15087
1725	6.33246
1840	6.14781
1059	5.07603
2152	5.47792
1105	6.12924
1046	8.45805
1166	5.00897
1517	5.23953
1841	5.14887
1342	5.67559
1127	5.03737
1907	5.05723
1468	5.83216
1637	5.04574
1055	6.49253
1588	5.53891
2026	5.52358
1183	5.22257
1070	5.61854
1140	5.81679
2018	5.66807
1853	5.16533
1330	5.87963
1123	5.74848
2010	5.49088
1288	5.52385
1026	5.74848
1082	6.10841
1446	5.68104
1216	5.80155
1917	5.12615
1215	5.92013
1158	5.8886
2337	5.40729
1573	5.80202
1010	5.01535
1278	5.02618
1244	6.23715
1129	5.2055
1274	5.52776
1227	5.41169
1351	5.28555
1556	5.65706
1066	5.26081
1354	5.00293
1124	5.49965
1866	5.31188
1094	5.28292
1547	6.725
1527	5.05254
2000	5.58785
1933	5.13781
1328	5.98491
1414	5.8867
1901	6.27445
1451	5.92178
1443	6.05747
1111	6.55167
1339	6.43489
1755	5.01164
1019	5.21495
1353	5.03608
1211	5.33425
1513	5.77027
1010	6.3446
1798	5.13376
1272	6.38172
1404	5.10462
2162	5.31653
1744	5.52925
1404	5.30827
1614	6.85583
2014	5.05413
1365	5.45731
1550	6.93713
1598	5.26671
1016	5.04703
1174	5.02008
1052	5.84094
1560	5.3821
1338	5.00506
1254	5.19885
1792	6.0128
1060	6.39173
1659	5.39555
1510	5.22315
1284	5.6347
1805	5.06543
1246	5.05813
1985	5.28309
1292	5.19287
1082	5.21381
1188	5.67832
1297	5.21887
1417	5.53516
1198	6.38667
1475	5.0584
1023	5.70881
1306	5.13269
1464	5.51829
1369	5.4153
1251	5.51011
1631	5.20115
1342	5.33818
1244	6.58184
1070	5.30789
1523	5.25538
1879	5.06958
1342	5.53319
1276	5.00035
1341	6.00843
1219	5.77683
1337	5.18522
1191	5.77283
1793	5.1381
1250	5.39354
1116	5.1537
1199	5.70226
1230	5.41363
1133	5.56366
1220	5.39229
1762	5.40077
1130	5.57722
1050	5.11038
1103	7.09549
1382	5.12555
1489	5.96749
1140	5.07932
2736	5.19159
1942	5.07251
1433	6.34531
1072	5.90644
1163	5.60608
1820	5.16775
1222	5.00342
1242	6.23916
1012	5.20785
1148	6.36627
1193	5.47809
1453	5.04201
1606	5.43196
1099	5.05564
1049	6.41393
1099	6.13031
1151	5.15186
2484	5.31358
1251	5.35451
1011	5.34041
1228	6.55603
1072	5.46906
1446	5.03958
1418	6.25638
1514	5.55596
1360	5.21991
1074	5.96532
2001	5.1433
1799	5.64305
1308	5.56606
1466	6.02735
1052	5.51805
1323	7.38664
1680	5.17431
1201	5.35079
1185	6.1607
1406	5.4785
1523	5.33239
1788	6.55214
1083	5.63887
1172	5.81837
1766	6.54008
1191	6.7214
2155	5.39796
1128	5.39154
1096	5.67865
2176	5.03831
1190	5.43843
1382	5.17866
1006	6.57757
1124	6.73814
2378	5.04113
1215	5.36747
1055	5.9934
1273	6.07679
1121	5.38889
1108	6.95144
1211	6.0081
1513	6.08249
1192	5.21369
1139	5.49396
1011	6.72548
1511	5.06176
1846	5.35998
1019	5.0578
1800	5.3527
1847	6.35108
1391	5.40211
1207	5.72973
1051	6.23142
1290	5.12525
1937	5.23371
1000	6.87177
1309	5.65031
1621	5.0857
1383	5.6339
1573	5.09046
1169	5.39967
1138	6.21003
1442	5.40817
1145	5.35513
1016	5.00392
1447	5.02169
1274	5.1383
2377	5.0544
1286	5.65563
1971	5.04392
1317	5.42444
1389	5.00764
1253	6.35945
1703	6.37354
1143	5.30415
2283	5.62378
1504	5.07707
1591	5.59501
1265	5.61245
1882	5.25355
1009	5.20227
1206	5.46336
1491	5.56852
2173	5.51269
1778	5.21538
1052	5.00713
1843	5.98594
1119	5.44334
1014	5.7573
1171	5.23174
1048	5.23667
1216	5.30661
1192	5.58751
1123	5.22472
1272	7.16469
1323	6.07333
1046	5.43353
1004	5.37437
1008	5.73462
1359	5.25279
1423	5.03262
2049	5.53882
1160	5.26384
1694	5.01926
1655	6.07055
1312	5.41426
1217	5.41638
2045	5.03921
1141	5.13596
1359	5.40346
1365	5.69612
1687	5.28435
1234	6.37604
1168	5.79782
1708	5.10745
1162	5.36315
1255	5.0287
1370	5.29101
1212	5.40105
1668	5.05989
1876	5.18872
1054	5.70499
1442	5.93421
1349	5.06666
1277	5.00583
1061	5.66173
1009	6.37496
1078	6.46673
1694	5.98106
1576	5.3325
1047	5.08792
1062	6.0185
1200	5.59119
1206	5.19761
1039	5.09143
1000	5.0784
1481	5.16492
1295	5.44194
1572	5.23183
2245	5.62889
1666	5.27878
1160	7.5261
1349	5.94549
1072	5.73539
1145	5.8287
1035	5.52075
1035	5.85792
1638	7.02451
1110	5.38108
1555	5.12227
1363	5.63919
1849	6.4743
1132	5.08291
1178	5.09598
1281	5.10859
1276	5.52331
1114	7.99602
1099	5.21413
1206	5.36037
1066	5.51406
1824	5.95789
1838	5.28584
1233	6.66022
1307	7.70835
1027	6.94516
1680	5.46126
2078	5.18813
1735	5.09502
1099	5.14053
1492	5.30901
1035	5.06316
1377	5.03619
1453	5.19492
2287	5.72088
1170	5.02912
1143	5.05408
1048	5.51532
1118	6.17704
1243	6.03189
1065	5.06305
1149	5.72658
1700	5.24114
1061	5.1137
1480	5.32452
2164	5.35603
1990	5.19167
1033	5.83863
1663	5.68515
1137	5.27927
1989	5.69089
1041	6.42809
1989	5.50207
1355	5.5778
1066	6.65907
1138	7.24211
1634	5.3153
1171	5.30098
1002	5.80815
1136	6.60168
1006	5.53563
1170	5.50843
1187	5.52104
1033	6.08645
1080	7.95334
2010	5.04443
1041	5.36449
1345	5.05693
1098	6.25684
1175	6.18597
1827	5.12431
1853	5.07657
1264	5.00963
1134	5.54139
1057	5.3694
1201	6.30781
1076	5.15356
1249	5.14435
1092	5.56698
1601	5.22707
1421	5.39574
1129	5.30249
1448	5.20268
1074	5.83231
1446	5.197
1790	5.50681
1138	5.71695
1051	5.97593
1247	5.59998
1680	5.09912
1047	5.14844
1395	6.78528
1138	5.99478
1228	5.22087
1202	6.1908
2163	5.78849
1941	5.04285
1062	5.60643
1116	5.22669
1531	6.16542
1140	5.61887
1240	6.64515
1212	5.30488
1109	6.28151
1838	5.79726
1132	7.6287
1133	5.63983
2030	5.00879
1191	8.6901
1136	6.00399
1006	5.03488
1508	5.02419
1020	5.13843
1013	5.02327
1259	5.39649
1380	5.08724
1311	7.07288
1778	6.6959
1460	5.30198
1803	5.67465
1679	5.91655
2890	5.1531
1050	5.48135
1300	6.34747
1572	5.13509
1014	6.14892
1022	7.01327
1154	5.14789
1309	6.14391
1567	5.12936
1035	5.30677
1028	5.03713
1621	5.17959
1243	5.50811
1976	5.28876
1379	5.64736
1112	5.10468
2026	5.46284
1269	6.3035
1031	5.3853
1597	5.6068
1277	6.64625
1005	5.91882
1030	5.53526
1070	5.6037
1672	5.55645
1009	6.24693
1133	5.0251
1178	5.3994
1232	6.43708
1233	5.11495
1633	5.09429
1037	6.01432
1030	5.73014
1538	5.19352
1248	6.35493
1258	5.30649
1057	5.82543
2021	5.21096
1211	8.52367
1356	5.03991
1440	5.20954
1088	5.7795
1341	5.02019
1620	5.12732
1169	5.3983
1124	6.57386
1020	5.20861
1197	5.63711
1406	6.02074
1226	5.6441
1113	6.30873
1064	5.63186
1792	5.0954
1107	5.11134
1797	5.19003
1210	5.74272
2172	5.61754
1008	5.10416
2077	5.59917
1139	5.28172
1258	6.057
1194	8.42752
1145	5.01508
1163	6.65621
1150	5.27053
1887	5.18316
1087	5.35002
1726	6.10743
1546	5.53726
1606	5.31494
1033	6.81316
1232	5.94399
1704	6.29513
1213	5.80073
1500	5.08651
1137	5.68593
1010	6.8523
1509	5.33746
1019	5.75409
1973	5.39912
1339	6.0594
1343	5.90805
1698	5.18179
1985	5.36721
1142	7.26475
1635	5.90138
1834	5.63971
1117	5.35249
1233	5.00883
1508	6.33383
1470	5.35079
1082	5.17283
1003	5.52152
1821	5.81589
1190	5.24815
1135	5.75297
1017	5.62664
1042	5.50958
1127	5.03619
1086	5.9389
1486	5.43557
1030	6.23839
1300	5.34178
1223	5.4985
1096	6.04996
1713	6.70891
1568	5.06007
1104	6.23335
1215	6.1285
1009	5.52169
1930	5.20247
1027	5.93576
1012	5.31123
1804	5.04431
1144	5.97153
1242	5.63742
1019	9.28547
1206	5.97545
1467	5.21613
1173	5.13035
1481	5.50316
1158	6.0561
1264	5.44461
1033	6.09394
1370	5.55209
1046	5.90891
1065	5.62552
1142	5.85995
1109	5.48976
1227	6.23507
1022	6.81001
2031	5.66867
1021	6.31539
1085	5.16673
1640	5.78693
1394	5.17527
1002	5.62264
1171	5.68554
1106	7.12058
1431	5.29454
1115	5.60211
1074	8.54901
1067	5.56281
1050	6.65171
1165	6.12136
1200	5.432
1045	5.49758
1305	5.06412
1124	7.00092
1003	6.16634
1870	5.0353
1189	5.01592
1476	5.54165
1520	5.36538
1298	6.5184
1535	5.33257
1480	5.54086
1074	5.62141
1051	5.2511
1695	5.15131
1018	5.66923
1179	5.77993
1055	6.93876
1105	5.10329
1165	7.04161
1826	5.20461
1179	7.87954
1029	8.11444
1555	5.2137
1512	5.61377
1544	5.13135
1195	5.26169
1163	5.1277
1427	5.94058
1051	5.81733
1038	5.74242
1429	5.26851
1277	5.62838
1751	5.05155
1219	5.43089
1194	5.44865
1288	6.54508
1095	6.19956
1129	6.17027
1110	5.7859
1179	5.9545
1504	5.0788
1044	5.33788
1040	5.79965
1139	9.03826
1531	5.58463
2099	5.54762
1628	5.11544
1121	5.70209
1598	5.10362
2218	5.10907
1011	5.02896
1135	5.74101
1002	5.12579
1628	5.3208
2484	5.09712
1441	6.20396
1039	7.52002
1092	5.22723
1936	5.50982
1072	5.89842
2748	5.20257
1052	5.19175
1140	5.55891
1544	6.63752
1504	5.0269
1729	5.18972
1255	5.27918
1255	7.0212
1092	5.01298
1836	5.32099
1066	5.70859
1448	5.00151
1277	5.03869
1232	5.2692
1256	5.00318
1504	5.3766
1330	5.21993
1075	5.18861
1154	5.20496
1002	5.11582
1249	5.94713
1189	5.36361
1283	6.25358
1167	5.08778
1693	5.28755
1278	5.84464
1264	5.31949
1048	5.93536
2405	5.50745
1301	5.05704
1066	5.18141
1096	5.49312
1099	5.93505
1167	5.0316
1333	6.19013
1034	5.1678
1444	5.95706
1073	8.44871
1581	5.21579
1671	5.5702
1188	5.46223
1506	5.23843
1053	6.35432
1071	5.76189
1016	5.39466
1388	5.39068
2133	5.15769
1358	5.0325
1139	5.41443
1904	5.01861
1061	5.33751
1505	5.16019
2733	5.08074
1237	5.43875
1010	5.55792
1440	5.06396
1149	6.15842
1388	5.12792
1915	5.65585
1087	5.33078
1657	5.07492
1009	5.10808
1363	6.77591
1014	5.25338
1066	5.00522
1074	7.07879
2081	5.37614
1362	5.5862
1851	5.05878
1376	5.07101
1654	5.70343
1383	5.12063
1078	7.90591
1160	5.78437
1909	5.26445
1329	5.07476
1982	6.49119
1479	5.14517
1006	6.22162
1482	5.09261
1462	5.77337
1025	5.23992
1871	5.66323
1112	5.4971
1088	6.33145
1311	5.05971
1763	5.08194
1058	5.52973
1014	5.22492
1212	5.7311
1036	5.36618
1433	6.35886
1582	5.70424
1427	5.09128
1398	5.79161
2201	5.16345
1098	7.32781
1410	5.1486
1510	5.41093
1066	5.88492
1114	5.03292
1309	5.28676
1199	6.22391
1163	5.72866
1391	5.79116
1025	6.46523
1175	6.01212
1219	5.17042
1814	5.25826
1296	5.57285
1210	6.02287
1674	5.3441
1573	6.09578
1042	7.72883
1788	5.81876
1934	5.22501
1032	5.10184
1558	6.85945
1471	5.13709
1082	5.01602
1025	5.69079
1590	5.11816
1337	5.37151
1264	5.66698
1957	5.43379
1113	5.08234
1525	5.36333
1539	5.40979
1618	5.45195
1588	5.08431
2713	5.06434
1397	5.11988
1177	5.35689
2127	5.52429
1338	6.97381
1036	5.30239
1094	5.18987
1138	6.17062
2149	6.05169
1020	5.20813
2500	5.14687
1070	5.73057
1328	5.26637
1959	6.09633
1506	6.06108
1090	5.24126
1206	6.582
1069	8.24519
1130	5.39024
1638	5.00156
1054	5.0331
1216	5.35443
1295	6.47442
2180	5.08108
1118	5.8572
1140	5.95892
2317	5.05043
1008	7.91553
1826	6.13549
1148	5.0831
1402	5.90337
1044	5.41467
1178	6.31402
1293	5.98285
1103	5.84938
1185	5.72183
1196	6.1354
1421	5.56603
1205	5.20684
1123	6.55788
1004	5.17058
1061	5.57058
1216	5.81679
1023	7.18612
1777	5.07167
1400	5.46718
1053	6.8552
1064	5.40316
1128	5.09512
1229	5.71499
1244	5.07746
1268	5.34185
1697	6.25437
1109	6.18672
1087	5.25694
1928	5.0222
1124	5.26447
1007	5.60531
1791	5.09922
1102	6.86524
1295	6.09057
1016	5.61659
1540	5.95069
1016	5.0958
2101	5.85824
1009	5.95608
1338	5.0796
1303	5.01043
1115	5.47359
1065	5.4462
1003	5.82757
1813	5.17954
1105	5.25899
2182	5.07639
1395	5.06541
1135	5.01467
1837	5.32242
1103	6.04524
1224	5.0419
1149	5.58652
1094	5.01697
1017	5.32979
1578	5.64982
1926	6.09785
1635	6.32134
1159	6.12234
1162	5.22353
1202	7.27038
1624	5.59003
1071	6.51349
1025	5.14881
1304	5.08571
1304	5.54702
2294	5.16603
1232	5.58875
1684	5.26229
1060	8.51286
1801	5.87923
1034	7.39783
1012	5.2651
1043	7.85128
1514	5.47998
1009	5.08175
1073	5.3597
1491	5.66152
1440	5.73335
1072	5.13266
1187	5.45628
1033	5.18018
1483	5.98449
1173	7.05635
1474	5.02225
1702	5.71005
1236	6.11396
1136	5.61888
1006	6.52402
1663	6.21446
1055	5.36109
1143	6.31463
1537	5.34796
1098	5.95714
1076	5.00605
1020	6.22302
1747	5.93208
2355	5.17212
1484	5.06113
1783	5.07206
1165	5.46308
1298	5.38468
1290	5.62455
1445	5.05433
1020	6.9379
1130	7.2625
1701	6.485
1051	6.84744
1101	5.7853
1162	5.98835
1119	8.42344
1062	6.78366
1067	6.11593
1200	6.44334
1225	6.63496
1070	8.33562
1212	7.3563
1163	6.10062
1273	5.27304
1077	5.04841
1547	5.26356
1316	5.0567
1078	5.8603
1098	5.52127
1370	5.23841
1111	6.46156
1531	5.70281
1749	5.96042
1060	5.20276
1041	5.59994
1371	5.22725
2627	5.0509
1036	6.34089
1143	6.08507
1395	5.01145
1591	5.26004
1168	5.39092
1334	5.14208
1708	5.18852
1239	5.78534
1191	5.01063
1157	5.66051
1127	7.07098
1090	6.47311
1070	6.19756
2320	5.09671
1192	6.07777
1044	5.37139
1584	5.45487
1700	6.11221
1280	6.87528
1056	5.49931
1077	5.69609
1322	6.02172
1660	6.37748
1232	5.16554
1138	5.91983
1094	5.83468
1403	6.65332
1011	5.63948
1712	5.15887
1095	5.02979
1011	5.76489
1174	5.0641
1550	5.08245
1212	5.00029
1568	5.94262
1176	5.46815
1190	5.80891
1220	5.52302
1037	8.75027
1069	5.14385
1287	5.44948
1159	5.5175
1100	5.77423
1231	5.48205
1043	5.39749
1157	5.14495
1371	5.89135
1176	5.96256
1325	6.70817
1007	5.35105
1371	5.29794
1241	5.10976
1653	6.43364
1026	5.62761
1063	9.98154
2318	5.4765
1603	5.16616
1618	5.35908
1294	5.65661
1117	5.35774
1116	5.14023
1005	5.00667
1108	5.93135
2224	5.35542
1133	5.83943
1273	5.21439
1657	5.31923
1757	5.51727
1102	5.4999
2102	5.43225
1287	6.07369
1537	6.30469
1099	5.19317
1053	5.58882
1234	5.02173
1227	5.00821
1449	6.04938
1356	5.43817
2527	5.14198
1236	5.09441
1541	5.22163
1274	6.22286
1529	5.96476
1205	5.45673
1496	5.25529
1757	5.62565
1635	5.66973
1156	5.55598
1841	5.19432
1178	6.13527
1180	5.26796
2044	5.74426
1102	5.93535
1012	5.81429
1296	6.04146
1926	5.62734
1003	5.55202
1043	5.878
1035	5.43485
2035	5.33549
1556	5.45701
1111	5.61353
1368	5.25051
1508	5.67001
1285	6.70118
1071	5.14216
2416	5.55419
1481	6.45844
2417	5.49038
1006	6.53636
2047	5.225
2630	5.78513
1005	5.34653
1045	5.44887
1064	5.05098
1279	5.15926
2063	5.29259
1504	6.36764
1541	6.06271
1814	6.40422
1640	5.061
1442	5.16812
2361	5.04866
1136	7.26008
1294	6.69866
1480	5.33225
1889	5.12067
1222	5.65456
1340	6.09213
1585	5.17568
1953	5.04015
1491	5.86777
1027	6.22445
1424	5.52212
1008	5.11427
1074	7.02741
2063	5.17713
1084	8.59061
1055	5.55524
1958	5.86488
1176	5.8526
1541	5.88667
1269	5.06074
1797	5.06763
1941	5.55754
1114	5.39228
1221	5.40522
1034	5.18071
1204	5.8279
1051	5.85018
1141	5.275
1130	5.79184
1146	6.45375
1820	5.5685
1046	5.42436
1033	5.71718
1282	5.08105
1360	5.38331
1759	5.0055
2035	5.21015
1744	5.64818
1317	5.06937
1350	5.83586
1328	5.70336
1520	6.05617
2002	5.62694
1119	5.3846
1688	5.52403
1093	6.44749
1372	6.38671
1313	5.48607
1065	5.43003
1052	5.67255
1163	5.57744
2070	5.06237
1071	6.89017
1546	5.465
1229	5.49175
1564	5.09785
1059	5.44238
1595	5.33351
1066	5.96962
1586	5.1216
1116	5.18628
1732	5.67105
1036	6.46572
1082	7.30645
1169	5.88223
1503	6.0575
1664	5.99868
1522	5.4559
1065	5.73891
1057	7.46564
1420	6.59349
1631	5.87473
1080	6.4331
1113	6.99054
2106	5.7056
1161	5.33941
1110	6.845
1411	5.70133
1103	6.28612
1004	5.43652
1047	5.30183
1090	5.10136
1498	5.26867
1393	6.3932
1480	5.59574
1093	5.74122
1455	5.01547
1827	5.00293
1214	5.05151
1082	5.21426
1115	5.35566
1160	5.42301
1881	5.66546
1141	5.12319
1056	5.72176
1708	5.29864
2403	6.16189
1022	6.45408
1050	6.31606
1070	5.26607
1245	5.69756
1803	6.07376
1079	5.61632
1337	5.24082
1586	5.04936
1028	5.33688
2002	5.54751
1067	5.2559
1341	5.29905
1534	5.94037
1216	6.15588
1013	5.45117
1567	5.28656
1153	5.88778
1185	5.3883
1127	5.24652
1327	5.53251
1477	6.23291
1086	5.57387
1512	5.73509
1082	5.37082
1274	5.03031
1043	5.44826
1874	5.30057
1660	5.91725
1371	5.3702
1160	5.98832
1116	6.05404
1125	5.03451
1879	5.66265
1775	5.3175
1246	7.55736
1087	6.05878
1636	5.92854
1044	5.31534
1067	5.14576
1168	5.03179
1516	5.28254
1428	5.02345
1091	5.18149
1504	5.05121
1215	5.22884
1011	5.55107
1298	5.11227
1481	5.0409
1409	5.16194
1135	5.3129
1044	5.69545
1029	5.90021
1724	5.78308
1206	5.03437
1074	6.11495
1126	5.02997
1162	5.36683
1409	5.08287
1196	5.27245
1155	5.67959
1669	5.22889
1250	5.50023
1352	5.22018
1047	5.51048
1586	7.04496
1104	5.16487
1761	5.40148
1041	5.37117
1054	5.92389
1597	5.23517
2111	6.03509
1312	5.0076
1010	5.09314
1654	6.05128
1051	5.2849
1081	5.32371
1648	5.05067
1150	5.53699
1453	5.38809
1072	5.39245
1047	5.31383
1134	5.63606
1148	5.35546
1050	6.66474
1386	6.00202
1807	5.55047
1097	8.41944
1317	6.21271
1090	6.26907
1532	6.22318
2240	6.53754
1137	6.25622
1364	5.50541
1508	5.21739
1732	5.77343
1123	5.2476
1302	5.22341
1923	5.12259
1307	5.94005
2497	5.2941
1099	5.59529
2096	5.73756
1430	5.22899
1221	5.03086
1392	6.02751
1240	5.41037
1642	5.04317
1794	5.27604
1582	5.12722
1812	5.05998
1184	7.66293
1088	6.01708
1453	5.66767
1036	5.89026
1376	5.1724
1159	5.09846
1117	5.40323
2368	5.08208
1095	5.38304
1133	5.29352
1671	5.27897
1786	5.78945
1903	5.1526
1468	5.27637
1037	5.30262
1153	6.28266
1007	5.63575
1516	5.02739
1240	5.09476
1674	5.07408
2018	5.30777
1212	5.33676
1714	5.50425
1070	6.28829
1181	5.28645
1050	6.01031
1254	5.53823
1112	5.66994
1164	5.70594
1023	5.57067
1096	5.08637
1089	5.7516
1134	6.47396
1041	6.01267
1303	5.50249
1143	5.15142
1777	5.23863
1324	5.00963
1124	5.59964
1641	5.26845
1044	5.35826
1266	5.6488
1082	7.24447
1178	5.08163
1337	8.11025
1266	6.10276
1300	5.70684
1104	5.29473
1569	5.71476
1252	5.08834
1687	5.23198
1427	5.00809
1017	5.04869
1208	5.27703
1953	5.22355
1088	5.21573
1081	5.85888
1083	6.07858
2023	5.32894
1649	5.25755
1777	5.50401
1487	5.17846
1234	5.11752
1843	5.39917
1076	5.26301
1083	5.48899
1275	5.37738
2138	6.46785
1074	7.18109
1226	5.0782
1178	5.49159
1174	5.9405
1006	5.36874
1152	5.75807
1273	5.11204
1654	5.77066
1198	5.46338
1142	5.89361
1498	5.71689
1874	6.18725
2042	5.22824
1270	7.22868
1210	5.01672
1137	5.25899
1193	5.28773
1425	5.47579
1339	5.51089
1125	5.89106
1219	5.33537
1352	5.05028
1721	5.17268
1093	5.42225
1741	6.19454
1075	5.04496
1119	5.13167
1150	5.4346
1488	5.29128
1246	5.25134
1159	6.604
1084	5.34799
1160	5.02494
2160	5.43619
2724	5.13187
1214	6.00194
1160	5.33402
1541	5.36496
1292	6.73959
1205	5.16792
1374	5.16416
1020	5.07161
1152	6.72701
1644	5.14217
1621	5.18682
1012	6.46878
1005	5.90221
2015	5.23032
1011	6.85683
1102	6.20784
1244	5.32955
1132	6.94626
1991	5.25912
1847	5.09091
1108	5.32866
1354	5.076
1625	5.15177
1145	5.36825
1070	5.25519
1015	5.3025
1065	5.04016
1148	5.59026
1115	5.85479
1063	5.69652
1279	5.2531
1263	6.7705
1064	5.60187
1311	6.42179
1078	8.36629
1124	5.22604
1428	5.26441
1973	5.15428
1269	5.34844
1324	5.62954
1359	5.90982
2082	5.13605
1156	6.56611
1331	5.05305
1001	5.54378
1065	5.77691
1280	5.13572
1292	5.39528
1927	5.44336
1293	5.19122
1069	6.54141
1293	5.70047
1763	5.62668
1369	5.05869
1450	5.09989
1108	6.44476
1130	5.73268
1244	5.32419
1710	5.18207
1203	5.46722
1586	6.23009
1001	5.59222
1494	5.74316
1116	5.21893
1376	5.23943
1067	5.04268
1019	6.06935
2874	5.46468
1758	5.22004
1749	5.87928
1148	5.34704
1118	5.3298
1121	5.99132
1167	5.00948
1280	7.24772
1228	7.16983
1116	5.25113
1178	5.51492
1614	5.08153
1001	5.71938
1157	5.39192
1291	5.21052
1003	5.48278
1666	5.22376
1391	5.17662
2735	5.07057
1011	5.6929
1761	5.97801
1021	5.9741
1032	5.45791
1645	5.45784
2256	5.31686
1900	5.13224
1285	5.41067
1443	5.12538
1678	6.98386
1053	5.43816
1419	5.21408
1030	6.147
2163	5.93057
1221	6.01385
1591	5.27326
1070	5.34843
1135	5.38066
1179	5.37012
1186	5.55508
1213	5.06021
1000	5.0366
1254	6.74062
1287	5.75745
1232	5.54799
1312	5.64393
1041	5.48948
1039	5.04101
1034	8.09719
1304	5.07935
1116	5.17196
1291	5.03372
1210	5.52094
1082	7.32545
1630	5.27377
1001	5.53686
1031	6.7334
2034	6.01203
1208	6.52887
1366	5.61635
1161	5.24756
1163	5.78646
1279	5.20029
1302	5.13913
1527	5.74018
1015	5.37003
1642	5.6579
1030	5.50702
1613	5.27419
1033	5.58662
1656	5.24615
1086	6.35943
1167	5.21022
1639	5.78725
1716	5.15241
1203	6.52612
1072	6.5089
1097	5.11485
1163	5.75093
1308	5.4123
1719	5.83526
1624	5.42505
2242	5.14328
2182	5.37834
1132	6.11648
1374	5.06983
1004	5.43802
1246	5.44151
1334	5.40955
1013	5.06118
1217	5.94797
1008	5.87996
2468	5.18245
1227	5.6519
1135	6.14471
1679	5.1944
2098	5.21955
1068	5.87924
2095	5.2703
1368	5.00927
2343	5.0188
1045	5.15623
1498	5.87343
1148	6.296
1236	5.76057
1086	5.36375
1369	6.4307
1208	5.44448
1016	5.81257
1508	5.9869
1164	6.06626
1090	5.53895
1386	5.03823
1170	7.22289
1639	5.33861
1374	5.18143
1093	5.001
1135	8.22794
1159	6.75509
1269	6.25368
1065	5.45656
1054	5.22105
1334	6.65065
1106	6.08705
1100	5.31985
1194	5.36889
1275	5.92456
1070	8.61381
2230	5.83317
1186	5.18673
1276	5.14335
1797	5.36331
1242	5.17825
1147	5.22335
1015	5.19731
1997	6.22001
1419	5.05526
1539	5.08025
1715	7.69313
1103	5.14942
1126	5.05046
1396	5.22793
1306	5.34807
1496	5.68307
1049	5.00572
1235	5.3472
1018	7.43762
1100	5.25958
1338	5.07913
1019	5.7266
1733	5.06643
1223	5.17151
1130	5.47757
1248	5.43343
1890	5.00088
1168	5.42071
1594	5.2413
1553	5.75579
1059	6.08799
1064	9.06905
1136	5.24266
1682	5.54012
1065	6.08291
1210	5.21363
1637	5.05276
2685	5.29279
1195	5.12192
1447	5.11751
1005	5.62011
1048	6.42688
1120	5.45588
1002	5.21551
1760	5.27156
1393	5.88192
1724	6.10463
1055	5.61403
1316	5.53934
1365	5.13708
1159	5.28481
1400	5.32781
1085	8.87012
2059	5.53253
1078	5.5108
1369	5.01906
1538	5.21364
1042	6.17064
1268	5.03828
1193	6.99941
1009	5.30863
1097	5.27635
1153	6.30572
1422	5.29732
1037	5.35491
1005	5.79608
1014	5.67103
1064	5.49704
1048	5.43324
1108	5.06541
1468	5.22671
1575	5.41541
1292	5.13521
1472	5.08656
1803	5.16709
1311	7.13428
1000	5.68501
2379	5.11806
1016	5.26619
1417	5.36661
1079	5.87727
1138	5.05394
1548	6.00667
1417	5.66662
2042	5.23056
1329	6.49967
1322	5.94491
1871	5.51105
1046	7.00546
1309	5.20996
1008	6.19989
1639	6.19205
2207	5.17934
1778	5.96921
1061	5.29553
1320	5.64153
1560	5.21799
1743	5.77866
1250	6.2367
1045	5.51705
1020	6.69435
1259	5.04258
1004	5.97435
1020	7.17851
1946	5.40977
1704	5.23248
1186	5.95414
1084	5.61154
1266	5.68182
1292	6.17628
1407	5.05045
1022	5.26505
1172	5.6791
1390	5.54661
1537	5.17578
1005	5.82913
1184	5.33363
1063	5.64081
1224	5.18699
1127	5.10466
1028	6.16758
1131	5.02343
1774	5.01516
1203	5.42433
1266	5.11522
1593	5.06599
1019	6.31866
1488	5.41315
1014	5.26884
1300	5.05921
1695	5.18911
1125	7.12685
1106	6.35833
1450	5.83897
1387	6.93471
1269	5.55422
1244	5.0195
1030	6.01248
1143	8.42756
1056	5.54469
1212	5.26921
1050	5.34572
1081	5.32829
1043	5.29085
1176	6.46143
1067	5.09015
1076	6.01106
1091	6.10962
1300	5.00461
2103	5.3519
1455	6.07649
1356	5.04369
1112	6.64294
1822	5.2008
1271	5.26871
1126	5.05332
1564	5.97491
1185	5.39725
1339	6.05992
1159	5.13595
1004	6.76514
1437	5.51767
1208	5.51993
1276	5.15382
2066	5.23797
1079	5.10592
1521	6.26626
1233	5.52404
1037	7.63226
1488	5.37961
1675	6.12041
1048	5.3347
1095	5.37104
1047	5.65441
1257	5.31055
1220	5.49538
1558	5.57945
1116	5.19606
1011	5.68014
1272	5.60019
1023	5.49554
1166	5.50527
1144	5.55842
1165	5.4514
1418	5.8014
1658	5.24873
1842	6.8305
1663	5.64638
1469	5.0854
1301	5.73391
1141	5.72881
1084	6.00501
1212	5.52102
1357	6.12752
1231	6.31317
1174	5.09901
1028	5.13818
1582	5.02652
2101	6.23184
1175	5.62786
1819	5.7485
1070	5.15881
1872	5.50771
1235	5.99506
1759	5.60017
1532	7.23878
1085	5.766
1446	5.53448
1127	5.21617
1381	5.29456
1539	5.77192
1035	5.75959
1745	5.25706
1781	5.40838
1035	5.36068
1034	5.80461
1959	5.14821
1738	5.41011
1564	5.02721
1269	5.26581
1006	5.49808
2083	5.24754
1175	5.16659
1564	5.54487
1027	5.12728
1016	5.44176
1167	6.18345
1177	5.55306
1239	5.14295
1625	5.81955
1310	5.69537
1091	6.37413
2047	5.24018
1193	5.31474
2082	5.34703
1421	5.38709
1598	5.82244
1854	5.73251
1093	5.30547
1511	5.1659
2122	5.87678
1355	5.96372
1107	5.9069
1152	5.79571
1142	6.90853
2060	5.63167
1150	6.01405
2192	5.12875
1102	5.67911
1505	5.74022
1066	6.71327
1148	5.41066
1033	5.15468
2428	5.74024
1307	5.20129
1004	7.31368
1827	5.38647
1109	5.20765
1172	5.22151
1261	6.3552
1794	5.23214
1019	5.62664
1197	5.56999
1565	5.01967
1077	5.27242
1154	5.30821
1997	6.12499
1809	5.48402
1160	6.77619
1862	5.17392
1720	5.15569
2060	5.68124
1547	5.00247
1428	5.25243
1949	6.18511
1147	5.16736
1300	5.99543
1157	5.26295
1001	5.45035
1282	5.76881
1046	5.40603
1739	5.63965
1074	6.48131
1073	5.391
1411	5.18055
1261	7.02405
1258	6.03078
1035	5.79387
1408	5.0098
1793	5.24022
1450	7.00763
1521	5.01633
1073	5.59331
1116	5.03553
1079	5.55735
1508	5.05055
1105	6.63329
1343	5.28342
1030	5.26482
2061	5.58688
1004	5.95721
2050	5.39681
1960	5.76752
1143	6.21875
1021	5.07444
1170	5.00656
1717	5.94831
1013	6.54342
1783	5.98998
1099	5.12525
1511	5.47068
2438	5.29383
1533	5.87546
1679	5.06114
1159	5.82127
1086	5.51279
1097	5.36102
1312	5.83437
1629	5.5743
1515	6.02596
1349	7.43807
1084	5.71092
1394	7.12601
1028	5.00305
1102	6.6706
1335	5.17001
1088	6.14065
1472	5.42434
1281	5.78325
1372	6.53466
1537	5.93783
1426	5.02887
1292	5.03794
1085	5.90976
2119	5.10856
1760	5.06365
1150	5.74734
1268	5.35166
1729	5.22694
1082	5.40182
1111	5.09744
1045	5.71566
1040	5.24992
1434	5.05893
1507	5.22369
1024	5.62885
1333	5.08176
1096	5.70838
1010	5.78002
1173	5.00921
1170	6.49516
1114	5.11367
1300	5.32754
1043	7.23579
1151	5.56534
1012	5.01595
1738	5.00991
1468	5.35235
1264	5.38976
1001	5.0784
1761	5.29682
1647	5.00523
1127	5.56143
1538	5.47311
1049	5.08567
1504	5.0855
1538	5.3368
2176	5.35799
1118	5.77378
1084	6.4377
1191	5.76958
1262	7.38936
1163	5.02909
1078	5.32899
1752	5.35823
1061	5.9579
2201	5.54103
1201	5.46114
1037	6.22033
1183	7.34085
1101	6.4165
1009	5.14862
1168	5.539
1299	5.03207
1555	5.90239
2855	5.22915
1199	5.30213
2306	5.15391
1743	5.64159
1780	6.37472
1748	5.06252
1112	5.0366
1138	6.88282
1464	8.04777
1158	5.53674
1971	5.16223
1237	5.8351
1012	5.25144
1018	8.09651
1111	7.33397
1240	5.39184
1360	5.24111
1993	6.00941
1112	5.17309
1916	5.29191
1234	6.11097
1308	5.34829
1974	5.05133
1406	5.89356
1180	6.84499
1020	7.96746
1790	6.31045
1208	6.06116
1049	5.031
1027	6.37781
1192	7.71693
1208	6.34853
2486	5.46096
1018	7.92323
1208	5.05228
1918	5.00765
1588	5.77897
2382	5.603
1166	6.71416
1045	5.79321
1020	6.39633
1797	5.37871
1017	5.07198
1232	5.28662
1020	6.44137
1643	5.86541
1025	6.6124
1285	5.51791
2410	5.11061
1093	5.55738
2307	5.3426
1096	5.59105
1337	5.39849
1268	5.00599
1657	5.70702
1312	5.85557
1037	5.47822
1018	5.7564
1256	5.293
1012	5.00807
1811	5.00724
1021	5.13788
1542	5.15376
1850	5.34683
1183	6.00265
1342	6.53415
1263	5.45136
1026	5.0288
1048	5.19058
1047	5.09511
1129	7.93757
2127	5.2235
1131	5.87923
1393	5.42647
1381	6.04371
1040	6.72262
2278	5.28958
1237	6.1824
1463	5.76776
1036	6.38682
1099	6.23117
1104	5.06403
1016	5.02699
1484	5.17695
1787	5.00419
1253	5.60499
1163	7.25882
1020	5.65617
1341	5.06702
1120	6.02403
1468	5.50718
1074	5.56254
1313	5.06931
1032	5.06506
1715	5.20406
1022	5.49978
1719	5.30451
1154	6.244
1789	5.85284
1327	5.12342
1131	5.25933
1344	5.01088
1959	5.13312
1155	5.22235
1063	5.88016
1064	5.9458
1086	5.3573
1321	5.40456
1042	5.15433
1146	5.79968
1602	5.13535
1111	6.09165
1760	5.36185
1817	6.14605
1110	5.26568
2456	5.2791
1271	5.05782
1184	5.09665
1065	5.88923
1012	5.26234
1030	5.30064
1076	5.23903
1286	5.60725
1376	5.41676
1291	5.81005
1858	5.09927
1274	5.1903
1891	5.1425
2182	5.18897
1028	5.05224
1635	5.52759
1367	5.00432
1040	5.09867
1331	6.8852
1106	5.23102
1083	5.30304
1194	5.08686
2022	5.02925
2112	5.14407
1130	6.56818
1030	6.54092
1622	5.18255
1121	5.51589
1275	5.36876
1096	6.13236
1302	5.30758
1295	5.46361
1119	5.84316
3361	5.06009
1194	6.31791
1370	5.44974
1797	5.43005
1485	5.03393
1826	5.9197
1846	5.68415
1506	5.95335
1002	5.44251
1108	6.85599
1104	6.52475
1103	5.2615
1526	5.27091
1488	5.73981
1072	5.51452
1665	5.3251
1469	5.19148
1045	5.40844
1011	7.38034
1047	5.54234
1255	5.36099
1552	5.40512
1316	5.5262
1239	5.61882
1422	5.44704
1536	5.26486
1063	5.03436
1202	6.25419
1068	5.36495
1236	6.51878
1031	6.74292
1054	6.04164
1254	5.04695
1040	6.86196
1051	5.25329
1278	5.14418
1114	5.07995
1009	6.28761
1038	5.70412
1028	6.19922
1239	5.54738
1218	5.13045
1017	5.37052
1043	5.04774
1501	5.30681
1537	5.37533
1001	5.33178
1068	5.60413
2280	5.74287
1089	5.15743
1355	5.00467
1348	5.59962
1305	6.9906
1139	5.12829
1358	5.34298
1150	6.50404
1186	5.42478
1098	5.08097
1166	6.47818
1171	7.89619
1362	5.7303
1016	5.59974
1225	5.49553
1007	5.78468
1065	5.16425
2123	5.1194
1050	6.39579
1105	5.39424
1258	5.13752
1170	5.8318
1002	5.66273
1661	5.50468
1328	5.55309
1229	6.18
1112	5.06181
1129	5.73974
1153	5.04734
1281	5.42311
1365	6.01094
2502	5.19532
1836	5.20698
1060	8.65224
1166	7.13355
1789	5.03749
1514	5.69829
1437	6.37014
1384	5.10978
1121	5.0117
1159	7.05739
1137	5.79018
1160	5.6199
1067	7.06827
1390	5.26854
1647	5.1563
1139	5.06335
1009	5.00832
1294	5.53113
1115	6.3974
1031	5.53102
1132	6.97666
2685	5.12569
1168	5.82909
1141	6.09893
1484	5.51281
1100	5.36236
1387	5.88087
1104	5.2227
1679	5.1513
1156	5.50945
1003	5.23585
1279	5.42937
1024	5.44565
1392	6.16784
1733	5.61787
2637	5.3595
1289	6.10493
1254	6.62033
1099	5.12869
1688	5.52791
1111	5.6477
1285	5.39868
1065	6.63367
1108	8.09511
1934	5.24361
1350	5.37832
1031	5.33787
1029	6.78237
1758	7.24271
1535	5.23618
1556	5.54583
1263	5.04997
1136	5.08747
1223	5.50238
1674	5.14207
1008	5.37437
1188	5.32565
1144	6.00596
1618	5.81503
1165	5.37975
1023	5.74112
1491	5.81806
1547	5.31285
1279	5.12391
1590	5.8641
1182	5.40516
1008	6.65305
1383	5.02542
1069	5.361
1433	5.65975
1365	5.88607
1052	5.22315
1552	5.93983
1337	6.3512
2136	5.11371
1045	5.57642
1140	5.07298
1141	5.94781
1474	5.10493
1791	5.22197
2454	5.00029
1051	5.47026
1188	5.3204
1384	5.43003
2229	5.00408
1002	5.00742
1256	6.5646
1154	5.64531
1759	5.23432
1149	5.0723
1062	5.33641
1326	6.91649
1180	5.37636
1492	5.12087
1122	5.19252
1037	5.29049
1261	5.62167
1349	5.10311
1656	5.19594
1226	5.18096
1235	5.12528
1253	5.4698
1727	5.17393
1741	5.49268
1618	5.35691
1326	6.8206
1155	5.19481
1672	5.20334
1022	6.02289
1112	5.08374
2127	5.21719
1375	5.0141
1160	5.8028
1161	5.01723
1494	5.24312
1292	5.47823
1049	5.2825
1645	5.07236
1829	5.15173
2065	5.29496
1343	5.77862
1691	6.131
1040	5.29159
1102	5.07825
1307	5.19542
1435	5.7969
1112	5.41357
2319	5.07076
1114	5.51196
1955	5.00184
1804	5.62795
1412	5.29215
1077	5.45439
1439	5.16874
1038	5.79705
2093	5.01083
2204	5.03375
1192	6.58524
1088	5.15777
1608	5.02631
1652	5.85289
1856	5.40055
1123	5.40002
1492	5.26627
1405	5.20192
1125	5.29575
1040	5.01575
1407	5.00083
2063	5.21249
1339	5.78078
1622	5.48079
1930	5.00273
1314	5.12984
1167	5.87791
1174	5.99116
1228	5.45681
1231	5.23285
1710	5.35676
1193	6.4898
1081	5.44984
1456	5.46938
1051	5.99297
1159	6.40373
1132	8.13692
1136	5.28526
1035	5.0656
1079	5.15209
1134	5.4012
1294	5.39119
1008	5.3962
1546	5.10118
1065	5.71519
1636	5.2152
1942	5.08145
1408	5.34624
1229	7.91226
1479	5.53126
1299	5.49118
1121	5.31971
1235	5.06643
2130	5.00529
1363	5.26433
1131	5.81015
1111	5.10383
1182	5.01728
1042	5.05284
1378	5.51183
1129	5.12283
1144	6.24366
1024	5.88506
1111	5.74761
1169	5.13712
1215	5.64885
1109	5.12839
1143	5.46136
1142	6.12462
1149	5.1139
1135	5.12095
2440	6.0611
1002	5.92745
1146	5.20473
1085	5.27434
1494	6.4186
1192	5.00665
1143	5.39151
1074	5.48369
1141	5.66201
1090	5.13582
2395	5.31763
1001	5.52302
2153	5.41939
1086	6.75218
1355	6.16112
2279	5.16809
1234	5.63901
1053	5.78853
1555	5.2501
1190	5.41705
1036	6.53398
1780	5.57196
1042	5.54666
1279	6.06699
1456	5.24127
1157	5.82457
1463	5.11942
2337	5.14272
1181	5.13507
1308	6.29461
1205	5.26414
1672	6.33134
1400	5.02541
1071	5.17179
1183	5.17155
1559	5.29634
1794	5.52136
1158	5.91112
1092	5.01058
1609	7.70866
1305	5.46007
1363	6.74714
1139	6.36548
1148	5.28341
1103	5.40424
1065	5.06892
1877	5.11353
1024	5.29545
1081	5.03695
1083	5.14357
1226	5.0569
1221	6.62229
1127	5.41884
1698	5.13695
1199	6.76972
1344	5.39268
2060	5.23696
1027	5.60723
1102	6.48267
1350	6.13545
1651	6.75241
2370	5.00367
2172	5.70109
1050	5.25978
1114	5.5595
1162	7.03308
1330	5.16598
1669	5.06389
1675	5.1165
2572	5.51635
1319	5.12946
1083	5.25664
1546	5.58303
1487	5.05447
1639	5.23974
1148	5.47731
1044	5.46679
1905	5.83675
1153	6.71614
1346	5.10318
1024	5.69242
1162	5.51056
1393	6.52187
1074	6.30071
1119	5.64593
1128	6.11166
1435	6.32627
1080	5.01052
1517	5.60583
1089	5.70491
1069	5.52968
1260	5.54741
1113	5.64645
1152	5.49871
1651	5.09755
1354	5.69496
1111	5.02781
1286	5.54868
1131	5.65668
1481	5.13993
1207	5.7337
2273	5.06661
1155	5.57324
1596	5.59858
2046	5.14237
1043	5.26902
1211	5.30018
1496	5.08485
1029	5.3947
1015	6.49305
2666	5.1129
1438	8.70432
1234	9.32783
1063	5.1705
1720	5.41932
1283	6.8765
1174	5.2733
1029	6.62563
1797	5.62791
1324	5.00429
1001	5.92301
2094	5.02614
1052	5.65556
1590	5.42516
1069	5.08909
1205	5.56543
1127	5.49892
1596	5.5968
1386	5.25719
1537	5.9742
1161	5.0349
1140	5.31693
1075	5.05146
1313	5.00421
1403	5.11839
1196	5.01456
2682	5.01774
1041	5.60466
2078	5.3633
1219	5.0204
1476	5.32167
1234	5.18728
1020	5.13865
1136	5.22999
1169	5.65764
1288	5.64591
1122	5.6799
1027	7.21035
1398	6.95643
1315	5.26022
1411	5.09273
1227	6.38553
1535	5.05197
1490	5.36571
1033	5.09053
1332	5.0024
1038	6.02056
1162	5.79916
1237	5.10485
1021	6.1069
1394	5.04133
1399	6.55074
1372	5.03232
1479	5.14229
1791	5.28638
1441	5.71278
1019	7.18699
1697	5.48125
1031	6.07978
1435	6.45974
1456	5.51963
1004	5.00897
1542	5.49598
1302	5.27938
1145	5.84726
1494	5.34549
1405	5.87045
1379	5.29836
2131	5.13851
1093	5.18713
1191	6.00089
1120	5.01686
1033	5.65756
1291	5.64241
1081	5.13344
1797	5.18498
1003	5.71562
1086	6.03923
2088	5.72497
1027	5.68286
1021	6.68014
2197	5.14956
1058	5.6411
1070	5.27756
1456	5.00969
1973	5.15786
1250	5.08639
1047	6.06376
1102	5.29629
1547	5.22006
1088	5.19947
1166	5.08441
1788	5.7651
1904	5.02355
1200	5.60308
1006	5.39549
1088	5.95343
1052	5.28601
2270	5.0946
1174	5.17343
1382	5.94303
1251	5.0516
1619	5.34865
1009	5.23934
1178	5.19005
1057	5.13116
1197	6.50268
1978	6.17222
1214	7.25793
1072	6.55165
1251	6.37239
1903	5.73988
1372	5.11844
1327	5.01388
1001	6.634
1209	8.02311
1119	5.89386
1436	5.6471
1131	5.70135
1776	5.70969
1452	5.56102
1385	5.31928
1053	6.78396
1634	5.83426
1562	5.03212
1066	9.25326
1446	5.91897
1184	5.0462
1043	5.13145
1020	5.7381
1095	8.00092
1084	6.13883
1082	5.35608
1300	5.54555
1082	5.04836
1442	6.23752
1104	5.48429
1058	5.36483
1352	5.24363
1081	5.28508
1056	5.95288
1415	5.57999
1201	5.77635
1042	6.04903
1202	5.81189
1010	5.82046
1475	7.43173
1528	5.0389
1035	6.5591
1080	5.23946
1030	5.21916
1242	5.42506
1318	5.8648
1035	5.02745
1254	5.02613
1701	5.65714
1019	7.37992
1170	5.7655
1387	5.51236
1001	5.1024
1024	5.77075
1140	6.34778
1522	5.97549
1362	6.1392
1670	5.11224
1460	5.26857
1230	5.18415
1231	5.34499
1022	6.2989
1224	5.86531
1206	5.32829
1003	8.77577
1104	5.25311
1081	5.20725
1030	5.00171
1250	5.39261
1347	5.33135
1006	5.01383
1592	5.35762
1046	5.69107
1193	5.20391
1122	5.0607
1993	6.17809
1032	5.02984
1179	5.72315
1084	5.36025
1204	6.63338
1107	5.18068
1047	5.1404
1573	5.19815
1029	5.61032
2064	6.46743
1967	5.00729
1074	6.76343
1656	7.23971
1099	5.66145
1419	5.76885
1282	5.32184
1323	5.21646
1150	6.01696
1156	6.63403
1455	5.45369
2035	5.6267
1069	6.00994
1092	5.04979
1155	5.86747
1590	5.04144
2037	6.09901
1198	5.60063
1151	7.49274
1273	6.69826
1002	6.26663
1667	5.03627
1076	5.0244
1178	5.62613
1709	5.49021
1084	6.48259
1999	5.16627
1313	5.01477
1879	5.24259
1012	5.37811
1612	5.9727
1124	5.55601
1982	5.28138
1462	5.18031
1826	6.16423
1373	5.20277
1008	6.94356
2064	5.08392
1045	5.12624
1233	6.44183
1998	5.66784
1701	5.46595
1001	7.12056
1292	5.66094
1950	5.68409
1120	5.12317
1487	5.01785
1572	5.44179
1555	5.04397
1005	6.58043
1054	7.38062
1260	5.2097
1710	6.08612
1190	5.85696
1121	6.95698
1039	5.43657
1040	5.79718
1065	5.48043
1135	6.55038
1026	5.61933
1067	6.49428
1263	5.89226
1092	7.54325
1084	5.06689
1044	6.41104
1022	8.32054
2150	7.18482
1105	5.09931
1236	6.56456
1230	5.42178
1988	5.17513
1343	6.79253
1664	5.13174
1145	6.66014
1452	6.26896
1276	5.06897
1150	7.25776
1002	6.49447
1190	5.47676
1055	5.75325
1210	6.00352
1684	5.26494
1327	5.47586
1113	6.56724
1198	5.30653
1154	5.48217
1156	5.79258
1113	6.84091
1019	5.62507
1129	5.31322
1286	6.81565
1532	7.4056
1145	5.60495
1119	6.0237
1601	6.84424
1001	5.09435
1458	5.43888
1595	5.32802
1026	5.65357
1058	5.00476
1436	6.76925
