1109	8.89366
1040	7.35594
1578	8.72839
1216	7.28197
2515	5.21974
1288	7.97209
1169	10.203
1389	18.3271
1294	7.06989
1040	5.33704
1285	7.92208
1076	8.04893
1171	5.0651
1014	5.19692
2353	8.33141
1314	5.77924
1231	5.32793
1285	5.51096
1895	5.06744
1004	5.02315
1172	5.72614
1205	5.79736
1186	5.45113
1298	5.50317
1560	6.53475
1178	16.3767
2053	5.76517
1273	5.43252
1488	6.02378
1135	5.00995
1167	6.15858
1016	5.31352
1384	5.10705
1002	5.25454
1108	5.35635
1871	5.69493
1166	5.23756
1974	5.05464
1292	5.54477
1001	5.7155
1622	5.58801
1508	5.06342
1035	7.2188
1018	7.23135
1249	13.5493
1895	5.05536
1526	5.59963
1129	9.61593
1572	5.18645
1241	5.30041
1182	5.10822
1696	5.07785
1219	5.41995
1021	6.41464
1944	5.10112
1363	6.58963
1931	6.11604
2553	6.80809
2025	5.46941
1135	5.67997
1547	5.16585
1058	5.10241
1329	6.71358
1363	5.38086
1105	6.09927
1321	7.01062
1453	5.06919
1163	5.24942
1435	5.63641
1778	5.6752
1407	6.29785
1406	5.98789
1480	5.09234
1871	5.90719
1206	8.42699
1385	5.53692
1633	6.18427
1773	5.60583
1393	6.84433
1694	6.30043
1098	6.13041
1687	5.40904
1137	5.40882
1474	6.83643
1031	5.46314
1034	5.14101
1482	5.85835
1135	8.25529
2134	5.27873
1159	5.43294
1641	5.45992
1078	6.05121
2048	5.52842
1228	5.74392
1088	5.40131
1296	6.36531
1200	6.48816
1740	5.66016
1726	5.96878
1136	6.41958
1986	14.5293
1013	8.52035
1214	5.07519
1528	6.69915
1000	8.06447
1857	5.67438
1146	5.81349
1050	5.374
1412	5.49522
1451	5.00667
1027	6.63356
1280	6.35365
1688	5.43491
1255	5.34524
1031	5.30296
1813	5.43373
1019	5.49215
1352	5.41734
1293	5.96229
1148	5.67871
1380	5.0954
1441	6.52114
1177	5.08781
1250	5.48818
1239	5.04213
1467	5.91315
1326	5.1069
1147	6.50757
1159	5.45879
1123	7.11974
1207	5.98707
1133	7.77171
1245	5.05794
1182	5.75062
1687	5.30846
1523	5.4001
1004	6.06272
1573	6.85298
1063	12.1709
1024	5.17604
1099	5.92556
1063	5.40857
1031	5.60962
1586	6.64027
1866	5.20619
1204	5.60167
1036	5.14565
1354	5.29024
1230	5.01486
1192	7.32264
1279	5.86847
1067	5.21983
1086	5.45106
1501	5.51487
1130	6.16082
1053	5.42948
1942	5.57335
1031	5.01861
1117	5.77711
1380	6.49254
1525	5.24528
1334	9.30195
1024	5.94255
1307	6.23199
1478	6.26851
1383	5.14671
2159	7.05919
1153	5.11666
1130	5.80816
1667	5.14547
1335	5.15964
1094	5.22619
2371	6.22097
1124	6.10383
1269	5.41544
2073	5.36026
1060	6.15257
1362	6.01106
1013	6.6849
2035	5.02475
1321	5.80578
1445	5.16759
1274	5.51452
2202	5.21379
1658	8.01743
1022	5.18211
1000	5.04121
1266	5.75192
1130	5.24728
1153	5.00461
1459	5.14316
1530	5.30861
1279	5.87871
1685	5.66819
1751	7.16867
1128	5.0335
1345	5.27025
1741	5.33244
1465	5.12376
1544	5.46645
1675	5.11162
1139	6.07898
1328	5.20837
2381	5.09269
1144	7.86228
1036	5.03551
1001	5.56359
1353	5.06095
1310	6.5818
1463	5.62204
1004	5.61223
1094	5.13063
1764	5.2051
1339	9.58131
1152	5.2467
1504	6.82866
1299	6.06833
1054	5.20226
1280	5.17829
1236	5.00756
1037	5.33373
1139	7.59948
1103	5.75425
1124	5.28081
1149	5.29398
1307	7.48003
1240	5.25794
1279	5.11044
1544	5.59168
1098	5.62758
1683	5.32829
1155	5.34255
1544	5.25087
1111	5.76009
1846	5.44739
1086	5.80957
1322	6.41234
1484	5.34624
1400	7.25053
1310	5.50368
1146	5.01961
1363	5.06235
2086	7.47083
1118	6.04703
1261	6.12749
1492	5.50727
1490	5.72674
1598	5.10442
1133	5.23142
1234	5.57201
1083	5.99763
1023	6.48152
1615	5.16581
2534	5.27213
1561	5.13751
1995	5.29863
1037	5.0015
1507	5.7648
1558	6.32367
1074	5.18314
1003	5.55568
1193	5.42262
1661	5.13669
1131	5.99793
1231	5.02413
1456	5.95292
1495	5.758
1233	5.09687
1799	5.91172
1303	6.83221
1549	6.42272
1204	5.13532
1300	5.8176
1027	5.65054
1396	5.874
1128	5.15668
1227	5.1236
1143	5.53657
1789	5.18007
1256	6.42361
1842	5.16616
1790	6.68138
1119	5.58277
1217	5.7271
1312	6.52212
1181	6.08727
1190	5.2006
1042	5.41684
1810	5.10388
1545	5.01736
1324	11.1919
1519	5.38022
1637	5.59444
1021	5.29514
1920	5.49661
1085	6.65333
1540	5.48446
1446	5.11904
1406	5.16442
1833	5.43743
1533	6.09071
1860	5.03149
1271	5.109
1239	7.43976
1243	6.68751
1113	7.10662
1194	5.12105
1100	5.49893
1084	5.88117
1087	6.37338
1643	5.01154
1287	5.44048
1671	6.45382
1461	5.28538
1332	6.93937
1187	5.46845
1009	7.21049
1054	8.25958
1306	8.58157
1199	5.04317
1556	7.62677
1322	6.01933
1119	5.67702
1320	7.00532
1448	5.05375
1004	6.10264
1272	5.55124
1068	7.30985
1357	5.1631
1397	5.44361
2403	5.251
1036	6.11688
1237	5.00915
1015	5.18289
1360	6.41253
1038	6.84838
1339	5.5339
1728	5.08891
1160	5.69927
1601	5.43214
1507	6.54773
1133	5.40452
1396	5.27958
1384	5.35721
1502	5.28476
1327	5.33492
1230	6.48049
1087	8.18916
1008	5.0566
1202	6.39928
1235	6.3072
1424	5.3507
1028	8.04762
1284	5.21838
1134	5.4586
1325	5.91421
1931	5.74246
1518	5.68195
1198	5.54629
1379	5.37444
1252	5.94286
1248	5.92423
1259	5.05763
1421	5.47833
1076	5.79688
1095	5.21355
1526	5.56347
1303	5.45683
1034	5.25599
1088	5.364
2023	5.77789
1054	5.08861
1343	6.11392
2346	5.54376
1119	6.33345
1053	5.06101
1128	5.67379
1723	5.16394
1098	5.07478
1240	7.53677
1258	5.30817
1190	6.41734
1456	5.78663
1051	6.51671
1750	6.44423
1617	5.19049
1273	5.37559
1452	5.20833
1339	5.20585
1267	5.45516
1329	7.21044
1171	5.40198
1289	5.71677
1084	5.1422
1337	6.77646
1152	5.01373
1354	5.33273
1016	5.57274
1766	5.19421
1067	6.02993
1196	6.32412
2656	5.30967
1424	5.29311
1012	5.83623
1010	6.10623
1241	5.74599
1988	5.17784
2006	5.35303
1357	5.2639
1318	5.71788
1259	6.10979
1115	5.51356
1338	5.21183
1217	5.865
1003	5.54379
1302	5.18846
1763	5.28406
1188	5.82074
1248	5.15356
1183	6.07836
1075	5.02599
1090	5.9716
1114	5.9158
1232	5.01257
1099	5.39814
1213	5.22877
1156	5.23191
1589	5.27359
1095	5.46577
1647	5.31122
1049	5.09029
1020	5.5556
1269	5.4721
1080	5.62615
1550	5.80207
1430	5.44376
1276	5.34056
1061	6.23114
1263	6.22854
1505	6.16638
1077	5.60143
1296	6.31566
2021	5.13971
1674	6.18214
1063	5.02583
1323	6.41636
1020	6.87796
1157	5.53975
1516	5.5157
1155	5.00603
1746	5.58456
1176	5.96907
1351	5.59471
1189	5.15115
1356	5.95747
1774	6.05645
1515	5.03067
1529	5.2534
1602	5.81848
1000	5.74384
1392	5.48235
1363	5.03953
1065	5.46946
1646	5.2117
1143	5.49168
1176	5.20095
1227	6.50572
1279	5.21927
2094	5.06048
1393	5.69567
1246	7.20177
1506	6.25955
1325	5.59994
1541	7.86912
1140	5.80451
1028	5.83554
1709	6.51391
1015	5.97359
1213	5.06325
1068	6.19763
1433	6.48763
1026	6.50625
1288	8.45053
1038	6.14734
1709	5.24261
1585	5.38384
1302	5.19403
1079	5.04349
1204	7.02622
2948	5.26651
1605	5.4945
1279	5.45114
1303	5.33337
1932	5.32537
1363	5.17751
1292	7.62032
1114	5.11808
1240	7.49966
1350	5.45338
1155	5.09768
1220	5.10327
1863	7.10593
1049	5.01071
2742	5.05941
1428	5.09284
1462	6.09875
1465	5.38701
1383	6.76878
1461	5.50914
1138	8.64601
1046	7.03818
1571	5.60804
1680	5.63396
2068	6.09756
1054	5.08221
2109	5.00851
1217	5.04235
1141	5.90681
2468	5.87642
1607	5.33637
1289	5.26801
1242	5.30316
1448	5.72722
1154	7.67892
1026	5.73027
1366	5.12197
1188	6.30491
1484	5.35634
2563	5.38779
1315	5.42649
1029	7.54794
1256	6.27933
1487	5.83756
1409	5.55537
1379	5.11648
1164	5.18249
2085	5.27728
1288	5.1238
1352	5.04216
1428	9.03268
1520	5.43354
1463	8.59739
1006	5.49288
2486	5.29236
1157	5.85529
1630	5.55762
1217	6.93202
1173	5.10629
1596	5.74975
1043	9.35991
1797	5.09888
1395	7.48818
1216	5.06316
1321	5.08706
1169	6.67032
2196	5.21343
1242	5.14095
1560	6.51871
1379	5.12313
1610	5.58748
1157	5.04671
1130	5.59643
1570	5.86007
1006	5.55553
1112	5.13291
1193	5.70843
1120	5.60127
1447	5.30153
1339	5.96092
1211	5.67362
1192	5.13463
1388	5.33151
1546	5.53196
1156	5.22074
2401	5.19082
1088	5.78969
1601	6.84161
1077	5.45186
1204	5.52957
1268	5.0938
1151	7.00493
1987	9.47823
1318	16.3015
1037	6.37844
1643	5.88071
1650	5.29416
1313	6.18479
1292	6.03037
1206	5.99073
1118	8.85543
1215	5.11975
1108	5.46532
1217	5.45944
1638	5.65525
1069	5.07064
1901	5.15122
1027	5.36467
1344	6.06754
1506	5.03655
1965	5.33627
1243	6.01932
1686	5.53178
1431	5.24976
1624	6.01004
1123	5.32075
1588	5.22886
1110	5.08306
1967	5.57481
1025	7.17719
1610	5.61317
1325	5.90603
1314	5.54185
1010	5.29571
1783	5.05884
1512	5.46457
1062	5.91795
1097	5.40965
1155	5.21678
1243	5.90564
1414	5.06688
1083	5.5921
1011	5.61503
1217	6.62129
1342	6.14255
1097	5.15807
1179	5.53948
1379	5.32671
1395	5.44216
1068	5.64789
1436	5.06291
1411	5.2443
1641	5.49376
1457	5.14644
1079	5.65176
1322	5.91635
2236	5.14702
1150	6.85901
1171	5.21278
1009	7.17204
1080	6.54167
1184	6.68844
1365	5.92791
2228	5.02545
1116	6.82261
1300	6.48656
1156	5.86903
1895	5.12022
1433	6.18027
1807	5.36982
1051	5.11233
1825	5.54291
1180	5.1106
1033	5.06324
1375	5.05408
1322	5.08245
2395	5.4585
1203	5.20152
1731	6.43193
1237	6.01232
1254	5.40128
1146	5.0081
1051	5.58584
1473	5.28725
1346	6.40031
1190	5.33432
1292	6.78406
1173	5.40219
1451	5.47801
1350	5.2359
1115	5.10919
1688	5.50453
1651	5.24387
1448	5.51567
1418	6.37634
1338	5.5733
1674	5.49015
1047	5.60088
1060	5.50048
1050	5.12507
1355	5.42861
1971	5.16728
1047	7.2537
1217	5.03903
1587	5.72246
1195	9.28322
1393	5.57902
1269	5.53513
1427	5.14018
1209	5.01251
1170	5.88611
1062	6.92122
1250	5.75887
1116	5.10458
1355	6.32881
1034	6.20499
1834	5.22856
1193	5.39864
1439	7.69858
1141	5.21143
1340	9.81457
3019	5.30806
1204	5.45698
1455	5.81551
1015	5.05765
1390	5.26775
1379	5.95584
1063	5.28871
1428	6.36305
1999	5.27733
1173	5.74695
1166	6.99445
1174	5.52015
2403	6.96467
1718	5.39508
1205	5.81425
1018	5.03407
1083	5.8546
1000	5.62976
1466	5.1624
1390	5.04907
1461	5.36644
1730	5.03466
1215	5.64791
1132	5.14922
1687	5.8403
2113	5.80836
1568	5.15544
1533	5.21586
1406	5.10806
1055	5.04134
1664	5.37015
1468	5.40373
1269	5.43605
1349	5.84667
2040	5.26617
1002	6.41007
1377	5.70233
1519	5.07872
2884	5.93797
1856	5.44488
1042	5.51167
1580	5.3894
1259	5.82843
1278	5.2056
1043	5.88302
1161	7.60292
1129	5.72986
1093	5.79456
1907	5.06887
1079	5.41817
1007	5.20968
2070	5.02428
1126	5.57103
1620	5.07127
1056	6.14927
1662	5.01032
1233	5.33647
1221	5.29759
1343	6.45332
1706	5.48882
1004	8.22718
1027	5.81686
1989	6.04778
1082	6.34428
1273	6.15224
1043	5.30064
1165	5.11153
1484	6.62988
1518	5.18686
1117	7.5941
1012	5.32886
1601	8.51003
1005	5.19514
1413	5.02181
1472	5.35045
1414	7.33759
2267	5.20602
1371	5.30684
1242	7.61306
2172	5.04206
1189	5.55465
1524	5.75815
1527	5.17998
1934	5.51273
1123	5.29223
1081	6.61849
1005	5.34881
1017	5.2871
1569	5.02711
1328	5.97935
1551	5.04306
1437	5.53431
1192	5.32604
2681	5.15128
1082	5.1549
1230	5.15697
1290	6.55042
1289	5.28027
2005	5.18471
1279	5.43212
1388	5.50749
1297	5.56515
1652	5.83427
1123	6.75338
1349	5.11672
1553	5.57687
1125	5.20114
2259	5.08024
2315	5.11953
1278	5.32531
1236	5.1871
1350	6.0373
1126	5.65375
1229	5.76815
2191	5.07635
1366	5.84706
1027	5.42861
1580	5.16741
1567	6.90318
1411	5.57607
1076	6.1595
1375	5.16139
1014	5.07091
1083	6.07953
1119	6.90539
1790	5.1121
1165	5.60627
1461	5.07254
1234	5.63939
2223	5.21288
1448	6.91779
1025	6.99082
1416	5.6522
1155	5.77531
1005	5.26296
1844	5.92
1548	5.36143
2551	6.28833
1891	5.00453
1031	5.98326
1608	5.28341
1260	5.76848
1224	6.09223
1936	5.51883
1638	7.20544
1244	5.02059
1418	5.56019
1428	5.32892
1224	5.16127
1484	6.03008
1426	5.48933
1365	5.1464
2348	5.01447
1127	7.20234
1241	5.39367
1386	5.44283
1439	5.03773
1048	6.01366
1558	5.10405
1592	5.35238
1740	5.84074
1163	6.19245
1188	5.05087
1148	6.53855
1959	5.10327
1675	6.82053
1154	5.31997
2921	6.34567
2686	5.54095
1265	5.17784
1347	6.0058
1283	6.57819
1323	5.15738
1302	5.62511
1573	7.59026
1214	5.32116
1135	5.09
1919	5.25936
1074	5.4747
1049	5.89152
1830	6.93715
1154	5.20492
1259	5.15453
1347	9.09103
2156	5.65943
1362	5.44593
1828	5.41061
1258	5.78407
1668	5.48942
1714	5.48043
1035	5.59859
1689	5.73017
1320	5.86237
1100	5.11375
1289	6.27373
1050	5.60913
1712	5.83264
1380	5.83421
1386	6.28826
1101	6.76683
1448	5.1639
1014	5.1568
2012	5.81521
1228	6.07668
2593	5.08712
1043	5.10007
1716	5.10258
1369	5.77287
1430	5.67222
2316	5.02031
1846	5.09392
1408	6.21644
1520	5.17634
1336	5.97386
1214	5.17049
1153	8.40817
1713	5.51785
1274	5.21734
1095	5.20763
1256	7.68214
1778	6.06515
1740	6.12412
1385	5.52732
1604	5.22984
1641	5.65489
2091	11.5667
1540	7.13368
1138	5.21545
1075	5.93686
1416	18.6811
1248	5.5642
1407	5.23688
1013	6.96318
1127	6.38266
1012	5.34435
1002	6.46044
1054	5.09443
2163	5.15319
1008	5.66583
1717	5.93124
1310	5.68479
1457	5.39617
1412	5.51787
1265	5.54393
1406	5.75459
1848	6.21216
1430	5.68379
1126	6.25479
1239	5.48954
1136	7.39881
1008	5.63305
1009	5.2142
1419	5.42771
1080	5.53854
1004	5.44116
1231	5.56329
1088	6.1128
1595	6.38836
1145	5.28142
1029	5.8371
1264	5.08353
1506	5.0577
1096	6.08062
1414	5.03756
1238	5.00201
1543	6.18477
1118	5.19654
1108	5.12811
1079	5.10547
1797	5.19112
1167	5.00187
1328	6.65057
1454	5.1736
2025	5.83959
1125	6.08294
1566	5.19783
1239	6.37802
1004	5.06299
1157	6.80945
1115	5.17761
1381	5.33528
1150	5.15742
1118	6.22625
1231	6.05789
1433	6.09464
1016	5.24033
1205	9.71514
1730	6.42188
1097	5.40054
1315	5.50254
1332	5.72614
1333	7.78694
1163	5.81567
1007	5.23558
2649	5.3652
1246	5.69598
1023	5.32298
2174	5.26427
1163	5.03407
1589	5.33738
1072	5.31247
1547	5.78062
1010	7.28552
1032	5.08744
1375	5.15663
1768	5.00268
1139	5.26323
1518	5.34321
1450	5.22524
2046	6.12779
1425	5.82994
1418	8.72288
1710	5.07759
1232	5.4799
1147	6.93612
1025	5.64056
1443	6.36343
1406	5.64033
2448	5.07575
1062	5.83714
1367	5.08346
1074	6.13483
2386	5.37041
1070	5.1467
1277	6.00431
1360	5.14199
1249	5.31011
1107	5.62049
1005	5.43232
1002	6.55772
1509	5.27727
1048	5.59862
2953	5.04331
1448	5.66049
1546	5.10647
1737	5.19592
1490	6.12204
1357	5.87022
1088	5.10247
1422	5.99559
1196	5.05429
1298	6.20547
1200	5.60959
1602	5.10274
1166	5.68974
1935	5.03345
1610	5.30193
1426	6.32758
1232	7.38749
1050	6.24489
2196	5.4874
1180	5.77634
1204	5.23543
1253	5.26218
1654	5.67144
1134	5.42932
1294	5.0727
1882	5.17499
1219	5.52578
1398	6.28869
1582	5.00973
1694	6.44065
1169	5.45945
1200	5.24917
1174	5.03385
1716	5.27882
1351	6.94818
1157	5.90486
1007	5.05503
1045	6.20326
1375	6.35394
1249	5.39691
1678	5.39117
1109	6.6604
1213	5.30978
1132	5.1019
1149	5.18006
1561	5.47621
1185	9.20452
1046	5.56937
1354	5.90455
1682	5.00252
1011	5.41569
1445	7.65966
1438	6.07003
1365	5.0516
1508	6.08302
1044	5.20786
1059	5.44795
1529	5.17954
1364	5.78186
1307	6.05018
1193	5.0745
1263	5.28948
1342	5.32759
1031	5.06343
1594	5.20348
1382	6.19053
1302	5.094
1875	5.31592
1270	5.18753
1562	5.85862
1034	6.08004
1156	5.55376
1411	5.74922
1408	6.27088
1128	5.15961
1067	5.06879
1327	5.04528
1189	5.38848
1310	5.76949
1010	5.10678
1355	5.19008
1178	5.16989
1186	5.80357
2280	6.43437
1598	5.61862
1319	5.40447
1416	8.03367
1174	5.07425
1811	5.09831
1467	5.6002
1752	5.05559
2053	5.81576
1278	5.28229
1139	5.32358
1093	5.14561
1322	6.18088
1110	5.46263
1788	5.31896
1091	5.44106
1081	5.43553
1468	5.38598
1240	7.23275
1224	5.4937
1052	6.09731
1276	6.1275
1338	5.40726
1043	5.00823
1453	5.09738
1708	5.20517
1128	5.71587
1448	5.32717
1774	5.02762
1255	5.00844
1396	5.60717
1270	5.31939
1447	5.9067
1349	7.18162
1201	5.15286
1615	5.52379
1220	5.08852
1393	5.3739
1457	5.02216
1500	7.31105
1333	6.70287
1820	5.4224
1269	5.48457
1305	6.11794
1192	5.38217
1083	5.35275
1794	5.05937
1110	5.33132
1001	5.04156
1473	5.98983
1287	5.8325
1536	5.48882
1848	5.17208
1014	9.80364
1610	5.04932
1051	5.10146
1282	7.76466
1769	5.45272
1345	5.165
1019	5.6184
1816	7.49074
1519	5.51054
1120	5.55288
1060	5.45539
1289	6.58718
1260	5.10296
1375	7.01411
1272	8.9292
1921	5.06562
2099	5.41106
2051	5.37167
1194	5.2179
1615	5.02709
1290	5.18359
1195	5.03567
1237	5.04442
1550	5.51587
1547	5.86063
1131	6.28954
1769	5.6274
1013	5.58167
1973	5.00681
1357	5.35918
1079	7.65013
2129	5.0065
1437	5.2297
1374	5.36117
1258	5.59838
1125	5.61308
1621	5.39348
1391	5.04374
1298	5.24277
1010	5.55824
1586	5.61299
1027	5.19328
1644	5.12805
1186	5.54795
1706	6.75459
1299	5.02421
1940	5.08849
1686	5.84605
2660	5.02427
1202	6.23742
1655	6.14461
1032	5.58128
1098	5.59271
1461	5.24433
1094	5.77863
1536	6.12999
1324	5.19704
2287	5.03579
1764	5.57931
1079	6.85575
1850	5.44502
1675	5.1333
1323	5.18696
1198	6.06717
1805	5.22076
1094	5.81362
1395	5.35228
1096	6.0619
1008	7.44092
1097	5.23319
1773	5.40691
1114	5.29664
1601	6.11993
1392	5.10113
1675	7.13955
1146	5.61452
1732	5.37408
1171	5.57268
1135	5.27176
1045	5.17058
1113	5.53478
1059	5.13773
1243	5.16019
1442	5.33401
1233	8.08148
2037	5.0295
1289	6.53152
1071	6.91249
1315	5.0598
1894	5.87299
1019	5.32434
1557	5.20319
1540	5.14544
1199	5.45087
1472	6.31891
1092	5.56999
1012	5.47791
1479	5.31244
1856	5.22802
1006	5.55236
1196	5.05234
1340	5.61488
1328	5.08776
1066	7.15835
1875	6.05727
1469	5.95099
1337	5.67058
1702	5.94451
2197	5.1906
1546	5.23519
1022	5.1239
1500	5.5668
1317	6.93406
1035	5.44107
1675	5.07962
1138	5.97762
1592	5.33688
1093	5.43182
2047	5.07897
1447	6.07725
2105	5.27467
1417	5.63182
1600	5.14291
1735	5.17014
1327	5.2183
1305	5.18602
1128	5.42677
1145	5.2785
1390	5.01407
1100	5.46069
1248	5.38741
1329	6.00805
1197	5.94764
1433	6.00274
1179	5.63854
1286	6.22445
1241	5.87171
1279	6.83283
1295	5.40399
1834	5.00649
1180	5.05692
1422	5.17222
1335	5.00208
1063	6.86457
1064	5.56271
1841	6.39753
1698	5.335
1572	5.41374
1499	6.10455
1181	6.97545
1222	5.8692
1302	5.07113
1293	5.27424
1107	5.76329
1358	5.41416
1996	6.0784
1137	5.43634
1002	5.48112
1125	7.03763
1204	5.34553
1080	5.52724
1107	6.63676
2476	5.10567
1130	5.27086
1258	5.16573
1262	5.04854
1008	5.12447
1009	5.05006
1745	5.14578
1514	6.73894
1042	5.91082
1427	5.91437
1329	5.17534
2121	5.95697
1277	6.31819
2092	5.24007
1000	7.81922
1211	5.55102
1034	5.00582
1554	6.35672
1001	5.10788
1515	5.58185
1053	6.324
1313	5.05695
1043	5.27629
1609	5.53776
1006	5.84947
1619	6.8225
2087	5.64321
1528	5.44862
1078	5.59452
1014	6.51066
1796	6.41029
1155	5.2744
1188	6.9345
1232	5.27222
1183	5.32284
1612	5.53368
1210	5.7131
1119	5.30614
1905	5.08027
1683	5.08623
1230	5.74533
1071	5.07441
1629	5.00447
1360	5.60797
1322	5.16051
1519	5.34276
1258	5.07244
2298	6.0721
1098	6.96276
1110	5.04817
1187	5.01872
2389	5.00348
1512	5.42146
1685	5.00816
1121	5.28244
1146	5.8557
1472	7.38824
1316	5.13177
1944	6.89612
1127	5.11289
1506	5.7018
1168	5.14669
1487	5.07607
1675	5.25512
1388	6.72067
1907	6.18449
1386	5.02857
1282	5.54591
1509	6.34093
1023	5.03255
1117	5.31291
1171	5.28568
1411	5.62696
1301	5.20147
1605	5.4555
1660	6.37514
1140	6.16881
1244	5.94885
1160	5.74541
1123	6.25431
1562	5.52411
1272	5.75182
1006	6.87543
1201	5.49579
1152	6.84575
1095	6.64005
1330	5.1518
1061	6.20982
1987	5.99696
1491	5.49636
1084	5.41516
1682	5.46412
1109	5.56397
1254	5.38245
1537	5.05085
1217	5.06506
1958	6.45656
1071	5.35086
1389	5.31483
1262	5.12574
1228	5.41701
1419	6.67041
2711	5.27713
1437	5.88316
1212	5.00175
1536	5.02237
1206	6.01812
1162	6.83718
1269	6.4885
1369	5.67338
1330	5.57646
1519	5.91567
2392	5.41804
1212	6.0546
1789	5.85094
1391	5.29791
1674	5.38208
1293	5.86293
1545	6.26583
1946	5.32894
1050	11.0312
1413	5.01683
1052	7.25575
1255	5.66138
1206	6.02325
2122	5.06309
1050	6.2367
1505	5.33564
1079	5.10918
1354	5.94778
1709	5.16898
1068	7.97896
1066	6.45291
1329	5.04401
1315	5.06286
1338	5.99319
1105	5.07308
1225	8.09256
1492	5.38875
1164	5.5095
1120	5.76155
1501	5.13096
2037	7.87085
1145	5.33614
1571	5.14471
1175	5.37574
1831	5.29457
1176	7.51009
1111	5.89827
1316	5.35624
1320	6.02953
1274	5.73357
1761	5.22949
1323	5.41635
1027	5.89897
1067	6.4704
1026	6.35917
1215	5.06544
1143	5.92999
1193	5.00169
1498	6.78
1067	5.6092
1230	5.00855
1895	5.75012
1152	5.24273
1649	5.07398
1610	5.64529
1070	5.48575
1136	5.33444
1207	5.54386
1826	5.06848
1905	5.10179
1184	5.27904
1256	5.50465
1044	5.03675
1073	6.74903
1342	5.84441
1126	5.40418
1390	7.11471
1200	6.02883
1257	6.06668
2135	5.45567
1266	5.83371
1945	5.74859
1215	5.2703
1505	5.2887
1060	5.43024
1501	6.54592
1047	5.12525
1538	9.95106
1103	5.28167
1060	5.26177
1046	5.93023
1057	5.75665
2075	5.34243
1059	6.91003
1007	7.60595
1053	10.7577
1045	6.56859
1156	5.15918
1858	5.62819
1186	5.63741
1078	5.55509
1013	5.96038
1848	5.14699
1853	5.43713
1054	5.21902
1472	7.14629
1051	5.19087
1338	5.89873
1027	5.38932
1004	6.46303
1320	5.4014
1135	6.31486
1537	5.03265
1134	5.76742
1293	6.70413
1152	5.00123
1606	5.61282
1482	9.96337
1248	5.50758
1401	5.10414
1805	5.2109
2200	5.49992
1340	5.7055
1165	5.74869
1015	5.35774
1067	5.46357
1131	5.30751
1095	7.21663
2101	6.12049
1481	5.15877
1083	5.55431
1446	5.55519
1183	5.00203
1483	6.1846
1263	5.62793
1135	5.11513
1030	6.54268
1095	6.86124
1503	5.26029
1138	5.06063
1199	6.34732
1821	6.9805
1231	5.0949
1211	5.43268
1688	5.18926
1472	5.65867
1160	5.11079
1017	16.8859
1098	5.37349
1730	5.04397
1179	6.2069
1294	5.36611
1737	5.48371
1086	5.81309
1379	6.06505
1174	5.30476
1122	5.42067
2071	5.58442
1348	6.03506
1204	5.11443
1014	5.25285
1512	5.54782
1148	5.7556
1507	5.0039
1199	6.45238
1195	5.31648
1156	6.73
1261	5.88945
1050	5.32684
1663	5.30169
1110	6.49133
1403	5.07793
1908	5.88274
1624	5.00199
1451	5.19792
1462	15.1793
2031	5.42689
2113	5.45819
1091	5.93398
1312	6.00847
1574	5.27918
1433	6.09285
2066	7.30729
1495	5.66691
1039	5.1745
1297	5.2634
1132	5.18584
1246	5.42631
1566	5.15119
1906	5.10002
1178	5.38336
1220	5.09082
1139	6.15023
1165	5.07832
1144	6.53887
1485	5.22778
1038	5.0375
1374	5.3024
1140	5.03094
1446	5.66348
1565	5.01549
1159	7.39992
1891	5.20189
1096	6.67136
1535	5.38192
1256	6.40602
1080	5.17399
1053	5.52708
1582	5.9956
1407	5.07937
1497	5.19064
1528	5.40512
1317	5.22893
1088	7.34217
1431	5.21202
1625	5.96696
1213	5.04994
1024	5.63278
1737	5.00445
1072	5.21989
1174	5.04776
1107	5.27894
1156	5.05712
1124	5.2375
1125	5.86966
1257	6.46934
1009	5.29253
1178	5.37308
1530	5.14787
1225	5.12534
1911	5.20759
1025	5.57628
1007	5.68868
1677	5.26923
1069	5.24657
1308	5.62372
1581	5.6947
1047	5.54774
1270	5.01655
1058	5.64399
1324	5.72097
1008	5.64775
1201	5.02999
1278	5.81025
1101	5.20168
1406	5.19841
1216	5.38865
1042	5.38685
1262	7.07127
2289	5.43879
1164	5.19362
1554	5.25552
1062	6.02643
1292	5.19686
1518	8.02384
1177	6.45386
1431	5.51614
1066	5.5226
1188	5.87616
1020	5.69842
1073	6.65962
1590	6.34957
1522	5.24351
2366	5.35991
1186	5.04588
1081	5.27647
1031	6.17353
1199	5.03716
1620	5.95298
1239	5.38517
1262	5.94709
1163	5.77786
1156	6.28401
1424	6.33483
1137	5.5584
2059	5.19826
1030	8.25357
1261	5.20523
2186	5.5839
1055	5.8931
1445	5.7812
1164	5.43995
1099	5.29399
1957	5.14692
2046	5.97857
1267	5.22557
1027	5.04194
1133	9.82232
1280	5.0039
1445	5.16144
1201	5.35534
1001	5.0998
1652	5.00343
1231	5.55454
1052	5.43175
1395	5.33221
1087	8.09517
1521	5.32004
1887	5.03658
1298	5.05003
1423	5.77846
1046	5.64799
1152	6.35293
1084	5.13572
1357	5.09603
1210	5.16305
1783	6.80724
1378	5.10188
1054	5.14204
1045	5.45322
1894	5.03537
1106	5.8233
1007	6.87122
1020	5.32719
1111	5.00136
1651	7.3826
1091	5.63514
1212	5.19684
1084	5.45897
1224	5.56342
1200	5.21072
1222	5.92278
1128	5.64504
1297	6.16599
1184	5.00768
1020	5.85612
2007	8.20836
1238	5.30089
1236	6.05016
1402	5.12659
1381	6.12609
1179	5.62969
1498	6.00534
1044	5.78203
1306	5.25781
