1316	6.60519
1294	5.12639
1198	6.3696
2192	7.15018
1195	6.42739
1707	5.87113
2353	5.61635
1276	6.62933
1598	5.24168
1246	5.57337
1333	5.25758
1375	5.46734
1397	5.3239
1030	7.13335
1487	5.06275
1444	5.35108
1364	5.05771
1207	5.68484
1274	5.1638
1587	5.42539
1337	5.36595
1155	7.16307
1302	5.33282
1475	5.68488
1085	6.55397
1734	5.25402
2308	5.79531
2414	5.45803
1163	5.09075
1692	5.59598
1819	5.03945
1174	5.25845
1415	5.80936
1456	5.17864
1531	6.17644
1134	5.06722
1225	5.06336
1361	5.43843
1150	5.59518
1012	6.22929
1421	6.62231
1778	5.67716
1112	5.52146
1125	5.18471
1478	5.01074
1245	5.34424
1067	5.18732
1262	6.10663
1340	5.18247
1298	5.12985
1060	5.22884
1036	5.41399
1025	6.32421
1190	6.71498
1671	5.32476
1345	5.78977
1047	5.66512
1168	5.62678
1197	6.59081
1140	7.06776
1433	6.43774
1062	6.64557
1012	5.33051
1206	5.19037
1726	5.19872
1385	5.00533
1761	11.3721
1494	6.70931
1157	5.12315
1700	7.20338
1723	5.2777
2201	5.39507
1491	5.00404
1538	5.53615
1044	6.44988
1115	5.93797
1262	5.17369
1381	5.98741
1488	6.01813
1015	5.71102
1449	5.94858
1547	5.16699
2097	5.36771
1512	5.22778
1491	5.61421
1080	6.58531
1109	5.98812
1122	6.86532
1336	5.74242
1032	5.3275
1002	5.5817
1597	5.70399
1856	5.05908
1135	6.57043
1096	5.18318
1014	6.13214
1076	5.6409
1037	5.60268
1053	5.62136
1056	5.25149
1227	5.73166
1104	5.17438
1174	5.45224
1296	5.58982
1140	5.37186
1603	5.10909
1229	5.24515
1240	5.53097
1238	5.90137
1055	5.52056
2315	5.10475
1312	5.06498
1121	5.10995
1321	5.56055
1814	5.27804
1629	5.50643
1213	6.31749
1050	6.69318
1329	5.30884
3256	5.36682
1629	5.79157
1513	5.10814
1287	5.08186
2039	5.21021
1610	5.63383
1058	5.36401
1027	6.79338
1309	5.24442
1445	5.82743
1137	6.13027
1017	6.28679
1233	6.38235
1407	11.0826
1700	5.16104
1233	5.35316
2309	5.06278
1933	5.6176
1556	5.43864
1296	5.12267
1326	5.73019
1182	5.99815
1332	5.53381
1007	5.97915
1104	5.07501
1549	6.38701
1117	5.00273
1738	6.02082
1250	5.54501
1393	9.36165
1752	6.02843
1050	6.03116
1043	5.30272
1373	5.08509
1287	5.28726
1227	5.01591
1034	6.05955
1441	5.25378
1107	5.04251
1208	5.32917
1331	6.51889
1386	5.64296
1152	5.26443
2076	5.57912
1526	6.23451
1198	5.71034
1362	6.19306
1018	5.00822
1113	5.87426
1441	5.20502
1197	5.07122
1020	5.42456
1196	5.23738
1142	6.31649
1105	5.11558
1525	5.00838
1298	5.04606
1119	5.95419
1833	5.00921
1012	5.61852
1723	7.64123
1179	5.53638
1139	6.94981
1318	6.84487
1098	5.08816
1332	5.72527
1469	5.06779
1443	5.21225
1057	5.59957
1392	5.22291
1106	5.84638
1291	5.14507
1134	6.14679
1531	6.34201
1166	5.71464
2005	5.29256
1067	6.59745
1787	5.21321
1174	5.13304
1497	5.21938
2012	5.23644
1241	5.08785
1902	5.04851
1013	5.18845
1292	5.19136
1231	6.15671
1590	5.37765
1131	5.42541
1169	5.26086
1268	5.4833
2105	5.8127
1215	5.12496
1724	5.66682
1620	5.71856
2128	7.9558
1627	5.52929
1054	5.22203
1491	6.55695
1431	6.21493
1359	5.35434
1061	5.29937
1139	5.38682
1255	5.29608
1081	7.37321
1006	5.54886
1170	5.50127
1278	5.96897
1532	5.63402
1948	5.46369
1038	5.5864
1224	5.55961
1880	7.0836
1215	5.74559
1089	5.0826
1319	6.44739
1483	5.14854
1051	5.3245
1106	5.19596
1321	5.09197
1527	5.48341
1825	5.48815
1514	5.38662
1165	5.28075
1192	5.3762
1223	5.39537
1905	5.07845
1219	5.15666
2089	5.38525
1439	5.30218
1269	6.35642
1044	5.96052
1434	5.38537
1835	6.18034
1037	5.67631
1076	5.05042
1251	5.62653
1649	5.17583
2199	5.45138
1098	5.51377
1020	6.10784
1230	5.19016
1786	5.65293
1264	5.72437
1362	5.20412
1343	6.01735
1503	5.18264
1891	5.42042
1237	6.03254
1498	6.37472
1965	5.13023
2284	5.32193
1321	5.06423
1413	5.37754
1010	5.7743
1194	5.01836
1971	5.49405
1377	5.06882
1190	6.02261
1203	5.20739
1020	5.25258
1103	5.02017
1428	6.15407
1016	6.65827
1340	5.58449
1201	5.01255
1130	8.26993
1110	5.55483
1491	5.84993
1358	5.77398
1010	5.54424
1859	5.12877
1807	6.09938
1137	5.5759
1103	5.95467
1400	5.34443
1130	5.01511
1294	5.77418
1366	7.75639
1259	5.41647
1547	5.97647
1174	5.33139
1093	6.50295
1202	5.50189
2000	5.65536
1423	5.9885
1808	5.82453
1338	5.48129
1099	5.35738
1057	5.81667
1118	6.01829
1118	5.31462
1042	6.10445
1128	5.39789
1273	5.89833
1033	6.20799
1451	6.14806
1094	5.92704
1380	6.07379
1059	5.13516
1034	6.36578
1155	5.56596
1036	5.99363
1692	5.94603
1202	7.0507
1107	5.52172
1716	5.40678
1192	5.60998
1250	5.39094
1216	5.29141
1502	5.45149
1398	5.7652
1560	5.24707
1037	5.38774
1409	5.11783
1147	5.08216
1036	5.28886
1568	5.31435
1016	5.10379
1202	5.28679
1207	5.07636
1385	6.57237
1100	5.13849
1057	6.18993
1339	5.4744
1048	6.06046
1084	5.0716
1420	5.22764
1105	5.48295
1004	5.02824
1062	5.48683
1509	5.28719
1053	5.19549
1137	5.49289
1245	7.65625
2170	5.06737
1029	7.34081
1134	5.21466
1455	5.2095
1212	6.35992
1519	7.2437
1395	5.235
2116	5.25946
1422	5.06317
1113	5.12691
1956	5.33254
1233	5.73302
1699	5.16669
1236	6.24969
1268	5.04131
1126	6.23242
1954	5.28598
1183	5.84071
1077	5.49978
1212	5.00161
1303	5.19307
1040	6.89463
1642	5.0791
1350	5.21126
1078	6.77314
1847	5.91522
1102	7.12786
1010	6.96494
1115	6.27444
1484	5.54469
1611	5.00258
1234	5.71954
1478	5.34571
1091	5.93643
2210	5.15719
1431	5.45045
1337	5.35688
1532	5.09767
1225	5.07197
1111	5.8385
1139	5.29208
1057	7.41616
1246	5.24826
1274	5.09061
1002	5.2283
1020	5.45443
1061	6.1145
1096	5.07963
1353	5.88511
1008	5.12714
1224	5.5199
1110	5.0137
1365	5.0003
1042	8.15499
1087	6.92052
1204	5.35456
1201	6.22844
1802	5.43256
1428	5.56097
1491	7.12247
1048	5.04586
1031	5.59848
1065	6.65894
1050	6.66073
1099	5.6653
1606	5.13342
1206	6.42575
1365	5.84837
1163	5.74667
1336	5.66603
1259	5.15801
1839	5.13723
1449	5.28295
1247	6.64237
1030	5.86664
1099	5.83872
1047	5.65872
1178	5.0624
2039	5.40907
1091	5.88134
1090	5.00496
1382	5.34238
1059	5.04687
1113	6.9774
1303	5.1741
1050	5.08638
1199	5.04048
1174	5.05233
1327	5.6178
1080	6.15294
1328	7.47317
1010	6.03365
1163	5.5455
1121	5.22456
1070	7.24573
1327	5.73729
1275	6.32641
1213	5.84955
1675	5.0127
1220	5.38682
1029	5.0474
1066	5.0183
1634	7.45588
1790	5.19364
1234	5.07754
1114	5.1668
1405	5.46425
2160	5.06579
1247	5.13118
1996	5.10333
1805	5.18192
1283	7.02493
1617	5.08469
1367	6.9631
1656	5.53119
2023	5.80561
1129	5.22658
1162	6.39353
1070	5.18052
1906	5.76199
2111	6.88175
1059	5.05336
1212	7.48861
1015	5.76449
1068	6.43374
1232	5.023
1353	5.11771
1000	5.17418
1482	5.42698
1022	5.89747
1219	5.92633
1697	5.53019
1046	5.88238
1842	5.22754
1629	5.1558
1619	5.17788
1130	5.02886
1081	5.28376
1151	5.60728
1023	6.30093
1298	5.54757
1147	5.97868
1112	5.87312
1659	5.26028
1413	5.02327
1349	5.29844
1785	5.1371
1071	5.71867
1477	5.28242
1723	5.81057
1131	6.00802
1328	6.22353
1370	5.09028
2776	5.16205
1138	5.33149
1346	5.0841
1049	5.39841
1286	7.3796
1278	5.30231
1407	6.39879
1233	5.12551
1555	6.34275
1287	5.09538
1965	5.17022
1521	5.00817
1955	5.49641
1165	6.99728
1046	5.60032
1210	5.41172
1461	6.01338
1392	5.23378
1093	6.23144
1247	5.37528
1126	6.18898
1313	5.86364
1319	5.41692
1021	5.42056
1066	5.39005
1156	5.02935
1707	5.09559
1329	5.59907
1275	5.01461
1163	5.40503
1316	5.10386
1151	5.32014
1142	6.66012
1178	5.61969
1113	5.31195
1139	6.36991
1214	5.30732
1047	5.12483
1010	5.32498
1411	5.08471
1010	5.86689
1125	5.15996
1016	6.35612
1019	5.17302
1198	5.47128
1149	5.6189
1089	5.47653
1767	5.42814
1445	5.1052
1147	5.92217
1030	5.15172
1142	5.40313
2691	5.37553
1186	5.94471
1314	5.29834
1130	5.35743
1307	5.38292
1037	5.43214
1770	5.23701
1176	8.8463
1485	5.01504
1311	7.38204
1470	5.93177
1208	5.1577
1171	5.21696
1423	5.0008
2490	5.0171
1901	9.91688
1110	5.14161
1792	5.51367
1147	7.11149
1358	5.72778
1708	5.01395
1762	5.25943
1338	5.53237
1308	5.28025
1862	5.02944
1929	5.1979
1283	5.65767
1237	5.17265
2622	5.73825
1033	5.64665
1611	5.22678
1344	5.28153
1594	5.22545
1319	5.27895
1006	5.37467
1448	5.20332
1305	7.08023
1409	5.66734
1156	6.02082
1028	7.0617
1330	5.49968
1033	5.33509
1560	6.19721
1886	5.3489
1203	5.77445
1034	5.50228
1536	5.12585
1683	5.03417
1308	5.00169
1546	5.12672
1378	5.93741
1531	5.36146
1067	5.11178
1346	5.15814
1015	6.0305
1133	5.073
1307	5.25332
1086	5.32718
1047	5.3133
1119	5.49547
1421	5.12235
1573	5.364
1336	5.31122
1211	5.18189
1073	6.91529
1035	5.40971
1624	5.59389
1363	5.06447
1822	5.9444
1237	5.26077
1037	7.79738
1451	5.07365
1029	5.10585
1744	5.01077
1196	5.62409
1212	7.14762
1595	7.24879
1340	6.02216
1273	5.24917
1240	6.13515
1686	5.34743
1386	5.63462
1201	5.70668
1494	6.30996
1028	5.94598
1821	5.05429
1982	5.32347
1400	5.00656
1099	5.58798
1360	5.06818
1002	5.6473
1581	5.00398
1801	5.26315
1310	5.3962
1127	5.15502
1182	6.15007
1188	5.05592
1605	5.01394
1097	5.23732
1052	5.7552
1400	5.26284
1679	6.52989
1092	5.10861
1170	5.26341
1118	5.87511
1017	6.05119
1346	5.14724
1051	6.69737
1166	6.26567
2265	5.15786
1303	5.25916
1124	6.05908
1434	5.22017
1475	7.05672
1529	5.12158
1265	6.35031
1048	5.16175
2232	5.27657
1269	5.65334
1310	5.88639
1327	5.47863
1592	5.45407
1418	5.33025
1703	5.87133
1468	5.33305
1550	6.77731
1129	5.36082
1701	5.09496
1118	5.57239
1699	5.08759
1372	5.09636
1104	6.11108
1018	5.28683
1383	5.10474
1529	5.0852
1117	5.65634
2582	5.54287
1560	5.52645
2365	5.37752
1135	5.86905
1862	5.57967
2039	6.94352
1313	5.88927
1690	5.20916
1143	5.00767
2159	5.82859
1006	5.13013
1012	5.17118
1186	6.25185
1182	5.84778
1025	5.64601
1146	5.35959
1285	5.01128
1188	5.66429
1354	5.00914
1202	5.61197
1144	6.47737
1215	5.02172
1135	5.0044
2240	5.29416
1223	9.15233
1083	5.97296
1059	7.58704
1622	6.02976
1333	6.55929
1122	5.69375
1269	5.23849
2273	5.02495
2391	5.06293
1313	5.54671
1084	5.89808
1789	5.34406
1082	7.46704
1211	5.73877
1230	5.46513
1092	5.36412
1227	5.0776
1192	5.44772
1345	5.68569
1096	6.73568
1643	5.39294
1719	5.74848
1039	5.03357
1326	5.74948
1311	6.05359
1180	5.06074
1673	5.44548
1208	5.01153
1099	5.23573
1363	5.87373
1320	5.08299
1771	5.52157
1264	5.28373
2020	5.12226
1639	5.79318
1018	5.44212
1219	6.06832
1381	5.18622
1307	5.6345
1280	5.70767
1257	5.15413
1461	5.22677
1073	5.1991
1618	5.12757
2426	5.4121
1054	5.13242
1296	5.98347
1441	5.27807
1273	5.28091
1086	5.04997
1221	5.42843
1078	5.61891
1493	6.61814
1266	5.90923
1048	6.54361
1174	5.51694
1077	5.42011
1118	5.74436
1063	5.8226
1124	5.04861
1402	5.01281
1057	5.38985
1060	5.20284
1011	5.006
1499	5.34864
1038	5.28299
1307	5.14077
1243	5.54715
2510	5.03581
1254	5.33183
1304	5.41734
1155	5.29327
1084	5.64534
1262	5.01395
1142	6.54297
1002	5.31819
1264	5.35673
1134	5.43045
1264	5.29488
1181	5.54856
1064	5.37412
1787	5.04394
1225	5.10916
1099	5.25865
1045	5.52156
1221	5.47336
1805	5.00496
1121	6.35692
1439	5.14669
1166	6.31287
1075	5.49875
1412	5.4475
1279	6.76573
1308	7.07923
1260	5.8786
1736	5.74281
1086	5.27878
1339	5.19655
1242	5.29145
1363	6.75076
1125	5.06881
1173	5.23868
1963	5.51381
1640	5.26647
1227	5.04849
1895	5.17257
1136	5.31661
1685	5.35136
1884	5.48146
1648	6.21929
1405	5.12386
1122	6.03942
1191	5.71906
1339	5.07864
1058	5.05081
1561	6.32264
1171	5.25625
1283	5.47193
1291	5.77777
1323	5.97887
1100	5.38178
1668	6.22942
1119	5.4551
1000	5.86938
1031	5.93991
1270	5.60155
1943	5.24687
1131	5.28402
1181	5.39832
1462	5.25221
1164	5.86168
1742	7.65993
1036	7.76711
1346	6.46832
1070	5.37698
1135	5.06118
1570	5.13974
1251	8.84935
1329	6.30605
1751	5.2209
1084	5.18946
1160	5.05085
1237	5.5196
1160	5.10487
1023	5.54212
1235	5.32383
1104	7.55919
1275	5.90446
1415	5.00225
1655	5.00356
1646	6.68547
1133	5.19274
1198	5.036
1161	7.49022
1836	5.40897
1260	5.31036
1005	5.09617
1181	5.40683
1070	5.12734
1766	7.11268
1455	5.48675
1578	5.24545
1094	5.81744
1230	6.45682
1018	5.50648
1244	5.37447
1087	6.54691
1004	9.8301
1142	6.4475
1033	5.9644
1131	6.21676
1683	5.17501
1504	5.61507
2116	5.04808
1228	5.02525
1216	5.9222
1300	5.2604
1544	5.09601
1343	5.9591
1137	6.88011
1062	6.29801
1257	5.2097
1140	5.06673
1210	5.03193
1015	6.1139
1990	5.59066
1639	5.22851
1244	7.56544
1047	6.10895
1392	5.68812
1340	7.17415
1076	5.16284
1352	5.25118
1617	5.10339
1021	7.56141
1030	6.32179
1022	6.41385
1357	7.82944
1218	7.46887
1651	5.33316
1623	5.22813
1117	5.30391
1232	5.18138
2343	5.51517
1028	5.35878
1054	5.1499
1319	5.44029
1022	5.76788
1425	5.36719
1810	5.19307
1308	5.57041
1106	5.01987
1283	6.24751
1078	6.24417
1410	5.69143
1387	5.07498
1059	5.29655
1417	5.86957
1309	6.06522
1305	5.18569
1406	5.47417
1041	5.00712
1006	5.22189
1197	5.51871
1116	5.03067
1090	5.10323
1527	5.12369
1271	5.18711
1098	5.32917
1332	6.07991
1215	5.45536
1062	5.45604
1245	5.13106
1142	6.93397
1216	5.7645
1035	5.66028
1359	5.2352
1823	5.488
2073	5.03231
2064	5.59309
2006	6.0084
1218	5.11489
1386	5.16627
1039	5.00107
1005	6.0429
1045	5.8088
1094	5.17418
1340	5.49673
1308	5.92157
1337	6.55593
1360	5.2737
1457	6.20832
1939	5.3406
1212	5.05793
1420	5.01793
2195	5.91531
1007	5.18341
1269	6.52576
1446	6.78157
1055	5.86725
1189	5.15128
1198	6.97786
1004	5.13351
1253	5.26237
1458	5.59113
1130	5.56659
2566	5.26873
1276	6.51721
1207	5.24558
1191	5.142
1401	5.38023
1102	5.03911
1018	6.75528
1229	6.91966
2314	5.41805
1243	5.00795
1075	5.04013
1007	5.81809
1209	5.60673
1339	5.23706
1196	5.02645
1389	6.08865
1256	6.26194
1069	5.40344
1283	5.11213
1417	5.53396
1183	5.40104
1164	5.59003
1427	5.28662
1772	5.31937
1341	6.03486
1092	5.31601
1177	5.3991
1324	5.62044
1349	5.29571
1170	5.25707
1632	5.32532
1546	5.45096
1089	6.29407
1076	6.44222
1691	5.94571
1978	8.03846
1376	5.23336
1202	5.71077
1414	5.46443
2361	5.2576
1192	6.01729
1357	5.38808
1170	5.44158
1076	5.40678
1108	5.15169
1516	6.0923
1474	5.17159
1106	5.0838
1043	5.87923
1245	5.58673
1025	5.01776
1367	5.12419
1278	5.61654
1157	5.14458
1247	5.6139
1279	5.16727
1538	6.03072
1034	5.32516
1230	6.05447
1113	5.73016
1004	5.35886
1950	5.08983
1203	5.34089
1239	5.13908
1073	5.08416
1374	6.24876
1175	5.1268
1219	5.22129
1486	5.37514
1037	5.07459
1985	5.4501
1059	5.11899
1013	6.08143
1652	5.10245
1169	5.02329
1230	5.60821
1064	7.06599
1363	6.01946
1329	5.25464
1208	5.04969
1316	5.16135
1116	5.32722
1369	5.48154
1539	5.80647
1139	5.45952
1219	5.32731
1097	5.40985
1396	6.25731
1008	5.25149
1145	5.85216
1403	5.75412
1029	5.20267
1224	6.83929
1219	5.04452
1154	5.32645
1172	5.63484
1546	5.49324
1588	5.02619
1915	5.85089
1140	5.92222
1019	5.76973
1452	5.06088
1486	5.47676
1036	7.11179
1802	5.16908
1816	5.07542
1076	5.53176
1170	5.61239
1189	5.53354
1087	5.391
1357	5.664
1287	5.39478
1608	5.10689
1360	5.17372
1659	5.65516
1123	6.27525
1349	5.02874
1076	6.22791
1004	5.16545
1079	6.48183
2030	5.13599
1665	5.07208
1032	5.27896
1669	5.39417
1698	5.13169
1026	7.09791
1186	8.26973
1767	5.72255
1062	5.27508
1171	5.33117
1309	5.20714
1182	5.49363
1527	6.18498
1111	7.6175
1037	6.25864
1399	5.57244
1277	5.31897
1100	10.2406
1121	6.05389
1528	5.8958
1625	5.05989
1548	5.47779
1190	5.54235
1452	5.30133
1236	6.21658
1777	6.27222
1469	5.07677
1126	5.89017
2145	5.19146
1654	6.16963
1148	5.91445
1337	5.57016
1179	6.31977
1044	5.52855
1056	6.40978
1568	8.25513
1110	5.9059
1125	6.25688
1971	5.05113
1207	5.31233
1498	6.14951
1954	5.37619
1706	5.18505
1244	5.18103
1262	6.02465
1045	5.12023
1661	5.9025
1074	5.15456
1215	5.19427
1267	6.37726
1121	5.85025
1180	5.45891
1048	5.08639
1464	6.52493
1151	6.13842
1397	5.06494
1195	5.72685
1058	5.7197
1917	5.4376
1101	5.85054
1157	5.07239
1634	5.29099
1329	5.16352
1112	5.1767
1084	5.47072
1012	5.1221
1401	5.58444
1276	5.59776
1399	5.60334
1720	5.11149
1420	5.28638
1570	5.11269
1883	5.1491
1048	7.08229
1344	5.24848
1303	5.12231
1888	5.9393
2142	5.22833
1111	6.94573
1073	5.11313
1327	5.02683
1401	5.12459
1903	6.47886
1263	5.11655
1571	5.69481
1430	5.09359
1631	5.4318
1077	6.00791
1023	5.24506
1008	6.64405
1177	5.55864
1032	7.1066
1660	5.29858
1185	5.42002
1556	5.07253
1795	6.93914
1459	5.23207
1182	5.14594
1501	6.1656
1153	5.17151
1044	5.69797
1123	5.16986
1105	5.86013
1189	5.17378
1201	5.16091
1270	7.45425
1365	5.45624
1067	7.2696
1030	6.80582
1424	5.13331
1183	5.63617
1384	6.55472
1329	5.12089
1105	5.83009
1513	6.01856
1828	5.41099
1985	5.7024
1269	5.43964
1095	7.31591
1077	5.29374
1224	5.41929
1363	5.44837
1298	5.15405
1108	5.27027
1161	5.11332
2250	5.18571
1227	5.03667
1137	6.68886
1741	5.7086
1297	5.56228
1355	5.08537
1133	5.86724
1224	6.51774
1160	5.42033
1054	5.16942
1201	6.06045
1254	5.82079
1257	6.07373
1200	6.19706
1791	5.03292
1074	5.16079
1083	5.79297
1225	5.78824
1834	5.03718
1182	5.33939
1845	5.61761
1402	5.37158
1165	5.10799
1205	5.18371
1299	6.38626
1552	5.52816
2081	5.97937
1661	5.5115
1542	5.36572
1036	5.36927
1422	5.32067
1275	6.2518
1460	6.8325
1157	5.15077
1193	5.65034
1151	7.30629
1407	6.33408
1189	5.14079
1407	5.20367
1146	5.36151
1511	5.15947
1038	5.15827
1251	5.3043
1127	6.00328
1246	5.39513
1360	5.13851
1109	7.1016
1396	5.38578
1201	5.50521
3157	5.67089
1582	5.18142
2087	5.51539
1625	5.91093
1405	5.01093
1859	5.16971
1065	7.62803
1305	5.32406
1878	5.90585
1524	5.2396
1819	6.11633
1230	5.6449
1327	5.14575
1187	5.95498
1027	5.42582
1387	5.72353
1232	5.6445
1073	6.02366
1073	5.86204
1355	5.27131
1679	5.08978
1439	5.08608
1002	8.21612
1637	5.74064
1043	5.16603
1713	5.29596
1327	5.44611
1297	5.15322
1138	5.18731
1269	5.38906
1276	6.33563
1130	5.17958
1185	5.1276
1157	6.4138
1015	5.00249
1199	5.23672
1223	5.61563
1574	5.51958
1300	6.11539
1509	5.08043
1535	5.2697
1484	5.30296
1136	5.87903
1261	7.59654
1064	5.16858
1515	5.3721
1035	5.22249
1392	5.99434
1080	5.23704
1510	5.03305
1189	5.58767
1075	5.01942
1079	5.46377
1055	5.71877
1548	5.50128
1587	5.92509
1241	5.00864
1881	5.13129
1068	5.91443
2040	5.01605
1138	5.0429
2309	6.29068
1842	5.45286
1007	5.03572
1605	5.25564
1402	5.59209
1793	6.49535
1427	6.41109
1143	5.19757
1052	5.24281
1938	5.40191
1031	5.40386
1176	5.52692
1569	5.02582
1190	5.07799
1063	5.12056
1125	5.30033
1403	5.19984
1038	5.94425
1281	5.11539
1150	6.56391
1093	5.10898
1302	5.68379
1519	5.15626
1586	6.06164
1274	6.14699
1312	6.88875
2028	5.18212
1416	7.85285
1061	5.82669
1390	5.89425
1404	5.9756
1203	6.16799
1078	5.95999
1785	5.19585
1038	6.43021
1405	5.63208
1296	5.93521
1331	6.14203
1218	5.96537
2240	6.19608
1274	5.65015
1322	5.25853
1037	5.73224
1082	5.24109
1923	7.88364
1459	5.5289
1011	5.95597
1199	5.53186
1142	5.43861
1063	5.26239
1708	5.29578
1093	6.00339
1417	5.20349
1098	5.43305
1793	5.21291
1053	5.43683
1206	5.1439
1176	5.13559
1204	6.19182
1528	5.24243
1325	5.59575
1098	5.20004
1195	5.10442
1649	5.25383
1826	5.5029
1051	7.83853
1101	5.83085
1214	6.05978
1539	5.17338
1030	5.19784
1353	5.9954
1438	5.08962
1283	5.49254
1199	6.82261
1154	5.09484
1101	6.43784
1503	6.78414
1018	5.96589
1561	5.35995
1220	5.70697
1208	8.12509
1549	5.12955
1132	5.54888
1423	6.11631
1787	5.59229
1976	5.02973
1629	5.46579
1101	5.15289
1935	5.92662
1057	6.36201
1008	5.08469
1078	5.12627
1600	6.16862
1725	5.39462
1168	5.73821
1235	6.00276
2123	5.32831
1692	6.07247
1301	5.08984
1014	5.37813
1149	5.29017
1113	5.2993
1152	7.38634
1071	5.36607
1523	5.57642
1144	5.56401
1203	5.32519
1199	5.20411
1504	5.83143
1171	5.07596
1711	5.16882
1404	6.21536
1106	6.69737
1299	5.19367
1360	6.18471
1473	5.52139
1137	6.67456
1716	5.80458
1662	5.06829
1212	5.3557
2106	5.72044
1568	5.04933
1583	5.13132
1450	5.85984
1028	5.46783
1105	5.99434
1112	5.14507
1385	5.48772
1480	5.40298
1428	7.53015
1334	6.6018
1073	5.18396
1098	5.72332
1284	5.61742
1341	5.51076
1255	5.79594
1133	6.09488
1418	5.93988
1566	6.09701
1862	5.58834
1009	5.26307
1196	5.00868
1227	6.07581
2301	5.02133
1130	5.43859
1131	5.21965
1274	5.62678
1024	5.75846
1301	5.96559
1384	5.65229
1186	5.38755
1730	5.26725
1262	5.11909
1103	5.50773
1531	5.76334
1591	5.15654
1152	5.78439
1127	6.5104
1120	5.27566
1037	6.8924
1182	5.12074
1098	5.73916
2162	5.41232
1520	8.27822
1750	5.01852
1485	5.19358
1128	5.8147
1271	5.06244
1330	6.67626
1173	5.49656
1582	6.13389
1542	5.32831
1150	5.85537
1322	5.56886
1243	8.65733
1040	5.08194
1395	5.89959
1284	6.34303
1417	5.53474
2247	6.19977
1065	5.58657
1058	5.29416
1161	5.13235
1129	5.04631
1304	5.09296
1323	6.0971
1281	5.77611
1871	5.12561
2016	5.0146
1173	5.5843
1190	5.75837
1594	5.1928
1753	5.71556
1192	6.27933
1002	5.68797
1305	6.52129
1210	7.13683
1672	5.85445
1326	5.2158
1230	5.21687
1153	5.46631
1691	5.13521
1303	5.81341
1386	5.08954
1016	5.18838
1575	5.65451
1199	5.21132
2195	6.82119
1619	5.5426
1019	5.07031
1622	5.07923
1035	5.93095
1009	5.09682
1015	5.562
1092	7.15783
1362	6.53075
1390	6.02174
1211	5.03991
1329	5.30805
1046	5.25113
1221	5.0912
1214	9.32351
1478	5.33785
1242	5.58736
2766	5.67524
1016	5.29578
1373	5.41449
1007	5.90605
1920	5.1401
1702	5.04223
1021	5.44712
1000	6.53075
1006	5.03045
1239	5.37013
1034	5.58053
1319	5.4022
1160	6.16861
1065	5.42494
1156	5.19289
2034	6.90046
1336	5.33992
1041	5.3973
1091	5.0878
1009	5.3252
1234	6.38355
1462	5.78054
2507	5.06616
1186	5.58568
1564	6.0873
1622	5.57373
1590	5.73322
1153	5.21133
1300	5.08462
1126	6.8746
1641	5.72469
1266	6.27082
1155	5.2764
1157	5.07654
1397	5.31415
1337	6.44074
1953	5.05513
1697	5.88612
1018	5.28714
1357	5.16578
1239	5.51842
1373	5.84509
1859	5.42461
1419	5.17345
1913	5.43529
1224	5.6044
1880	5.05458
1221	5.85247
1164	5.7122
1081	6.39218
1240	5.18068
1441	5.18243
1401	5.08131
1251	5.00278
1374	5.36637
1583	7.48062
1143	5.18213
1701	6.57781
1247	7.58087
1190	5.23831
1112	5.60802
1356	5.21691
1550	6.91573
1012	5.34911
1416	6.3123
1305	5.3287
1400	5.56816
1216	5.00638
1480	5.36343
1028	5.0343
1038	5.38887
1366	5.13851
1248	5.27999
1259	6.07649
1405	5.53065
1020	6.19659
1904	5.10696
1205	5.62014
1325	5.22643
1101	5.13627
1035	5.08651
1343	5.24464
1242	6.07468
1486	5.28764
1063	5.20148
1961	5.40299
2033	5.87969
1138	5.5006
1172	6.83464
1136	5.30081
1077	6.84859
2031	5.66361
1349	6.70295
1245	5.89242
2062	5.10787
1103	5.48143
1322	5.04251
1294	6.06347
1028	5.43121
1587	5.04885
1128	5.9285
1782	5.60518
1135	5.20825
1030	5.5302
1160	6.82607
1381	6.95202
1034	5.12887
2296	5.44591
1133	5.34423
1708	5.72348
1435	5.30997
1242	5.18446
1033	5.71971
1772	5.07171
1165	6.41841
1368	5.04567
1641	5.06146
1014	5.22526
3080	5.5347
1243	5.34752
1032	5.47977
1014	6.17252
1774	5.08603
1675	5.36353
1093	5.18392
1942	5.07058
1479	5.08771
