606495
83941
105378811
58511
50999
58155
100873933
124904258
85369
260425
5738
10352
647121
107985200
101929790
554313
103
79100
140609
9725
105373212
9156
84893
441666
439965
84159
54536
22876
441581
3043
2101
8061
124902707
100616402
101929174
100873989
107984402
124903068
124902916
124903275
51062
112268126
100616223
145845
107984755
102464834
5607
60677
101929679
84656
124903767
100505948
400533
124149
388282
101927605
388323
124903955
105371855
4215
201266
9382
727758
105371958
56984
6093
124900411
1000
79187
7568
100101266
101927151
7593
9270
10971
5581
440888
728034
100509620
200350
22837
253782
3685
10203
124904967
100289097
55738
103504727
149992
5651
100551499
23181
124905168
124906381
5627
105374039
6259
5291
5352
100847036
55669
10644
100750326
80157
57482
124900707
105377249
9508
2069
102723766
1767
730
348980
133418
3074
107984117
124901069
100874372
1836
26112
107986467
54908
2296
107986588
8464
100422884
106660612
101928489
55603
4199
105377885
57673
26034
100422821
1235
124901581
105375170
7291
256227
3209
5898
441234
124901826
101929322
26053
101926943
155400
10142
105375475
101928333
124901766
100128822
23303
124902100
54212
114786
100507632
6386
100505718
63978
760
4325
109617016
101927245
100859921
105375754
100302281
101927822
100310756
23081
401509
406987
105376105
389827
105379273
124900507
