606495
83941
50999
100873933
647121
107985200
554313
103
79100
9725
105373212
441666
119391
22876
441581
8061
124902707
107984402
124902916
124903275
51062
112268126
100616223
107984755
102464834
124903767
100505948
124149
388323
124903955
56984
124900411
1000
284391
7568
100101266
101927151
5581
440888
100509620
100287216
200350
253782
10203
124904967
100289097
55738
149992
5651
23181
124905168
124906381
5627
105374039
5291
5352
100750326
80157
730
348980
133418
3074
26112
54908
2296
8464
106660612
101928489
4199
105375170
7291
441234
124901826
101926943
10142
101928333
124902100
6386
4325
101927245
105375754
100302281
389827
124900507
