Sample	0	1	2	3	4	5	6	7	8	9	10	11	12	13	14	15
C1_L001_R1_001	(1.0, 40.350789077358016)	(2.0, 18.4353273063402)	(3.0, 8.577947929063463)	(4.0, 4.519883358077814)	(5.0, 2.861861783232591)	(6.0, 1.9351958387140762)	(7.0, 1.4919778858090766)	(8.0, 1.2050396130492522)	(9.0, 0.9406429377749341)	('>10', 8.826927423947373)	('>50', 2.0580227107885443)	('>100', 3.404670707200816)	('>500', 1.1525035981866878)	('>1k', 2.132149441715761)	('>5k', 0.5901061945479312)	('>10k+', 1.5169541941934583)
C1_L001_R2_001	(1.0, 42.25650631615493)	(2.0, 17.98103253125384)	(3.0, 8.265492283923077)	(4.0, 4.40574830877886)	(5.0, 2.7087662538387622)	(6.0, 1.8203120412231748)	(7.0, 1.4301873546222883)	(8.0, 1.0490390420078828)	(9.0, 0.9021988421266466)	('>10', 8.554790627929176)	('>50', 1.918278397015296)	('>100', 3.3779670519071106)	('>500', 1.1534689760725751)	('>1k', 2.1243315963225067)	('>5k', 0.5807648723880403)	('>10k+', 1.4711155044358084)
C1_R1	(1.0, 40.207013736886736)	(2.0, 18.522969684214754)	(3.0, 8.636690261284413)	(4.0, 4.529695740517137)	(5.0, 2.8373846302162087)	(6.0, 1.9456383566049382)	(7.0, 1.5007848516990827)	(8.0, 1.2130693789478304)	(9.0, 0.9315941126466837)	('>10', 8.800950977063602)	('>50', 2.061728993772336)	('>100', 3.4100918292799016)	('>500', 1.1382252933316537)	('>1k', 2.127286838547499)	('>5k', 0.6112659195497872)	('>10k+', 1.5256093954373566)
C1_R2	(1.0, 41.5013288327729)	(2.0, 18.226077776915428)	(3.0, 8.35487792263866)	(4.0, 4.478884095361561)	(5.0, 2.745800982608047)	(6.0, 1.859383040111031)	(7.0, 1.4162073723321735)	(8.0, 1.0756816855452698)	(9.0, 0.9252096810140347)	('>10', 8.646744096089943)	('>50', 1.9543365050201433)	('>100', 3.416213974045871)	('>500', 1.1558676854072039)	('>1k', 2.1571374085747648)	('>5k', 0.5968273592134822)	('>10k+', 1.489421582349404)
C2_L001_R1_001	(1.0, 48.430396147396515)	(2.0, 13.811432959040118)	(3.0, 5.742306186468286)	(4.0, 3.3996856804201463)	(5.0, 2.2193566157142954)	(6.0, 1.6352327819349366)	(7.0, 1.3189345277314362)	(8.0, 0.9456191681488131)	(9.0, 0.8730004427922029)	('>10', 8.357464556150223)	('>50', 2.0708034623050655)	('>100', 4.014048202304982)	('>500', 1.4829747417584815)	('>1k', 2.9771061202743527)	('>5k', 0.8667771032914516)	('>10k+', 1.854861304268582)
C2_L001_R2_001	(1.0, 49.81094213087946)	(2.0, 13.365212544614335)	(3.0, 5.768661428376253)	(4.0, 3.1943942095010467)	(5.0, 2.1841067175418547)	(6.0, 1.6019014550408148)	(7.0, 1.2013100936212986)	(8.0, 1.03746860021681)	(9.0, 0.8459859742148791)	('>10', 7.9863102084538005)	('>50', 2.020499638054522)	('>100', 3.872744935434267)	('>500', 1.5361607130354151)	('>1k', 2.9044281170992057)	('>5k', 0.9179171835680835)	('>10k+', 1.7519560503480254)
C2_R1	(1.0, 48.39841793520223)	(2.0, 13.872253571731896)	(3.0, 5.8067544146792756)	(4.0, 3.3838640478531086)	(5.0, 2.219157593067529)	(6.0, 1.6508461810254764)	(7.0, 1.32131153972354)	(8.0, 0.9394061112306327)	(9.0, 0.875250505627685)	('>10', 8.332259644681697)	('>50', 2.084135258134279)	('>100', 4.0102981060338285)	('>500', 1.5026283115420527)	('>1k', 2.9156375834470882)	('>5k', 0.860566531862884)	('>10k+', 1.827212664156854)
C2_R2	(1.0, 49.168677248701556)	(2.0, 13.578956026211747)	(3.0, 5.840096270711823)	(4.0, 3.2486913569054323)	(5.0, 2.2178360677348485)	(6.0, 1.6183638310299329)	(7.0, 1.2473257540999296)	(8.0, 1.0243738665256272)	(9.0, 0.8603862929007177)	('>10', 8.073508184268043)	('>50', 2.060532096957942)	('>100', 3.9212092961196694)	('>500', 1.5408019893360758)	('>1k', 2.890642100216698)	('>5k', 0.9424840007673077)	('>10k+', 1.7661156175124482)
C3_L001_R1_001	(1.0, 53.138741963758186)	(2.0, 14.258414185254145)	(3.0, 5.6350215587194805)	(4.0, 3.150189496674268)	(5.0, 2.0288023974395295)	(6.0, 1.4860558805966617)	(7.0, 1.1649106263112596)	(8.0, 0.8925937368288448)	(9.0, 0.7294289221281145)	('>10', 7.015533969851695)	('>50', 1.6880442197195427)	('>100', 3.4052287649493476)	('>500', 1.2731572820184323)	('>1k', 2.1267161438361653)	('>5k', 0.578375628155203)	('>10k+', 1.4287852237594645)
C3_L001_R2_001	(1.0, 54.45707750476395)	(2.0, 13.98601528496845)	(3.0, 5.49273890005743)	(4.0, 2.952116712266486)	(5.0, 1.9932402255292008)	(6.0, 1.399959936003928)	(7.0, 1.0772050926237116)	(8.0, 0.892199089359539)	(9.0, 0.7230143835118485)	('>10', 6.732234166195543)	('>50', 1.683927433893477)	('>100', 3.3691175505941926)	('>500', 1.276870279863726)	('>1k', 2.0317641273978984)	('>5k', 0.5837412990050924)	('>10k+', 1.3487780139654713)
C3_R1	(1.0, 53.08568336629287)	(2.0, 14.362157348308969)	(3.0, 5.653199083621196)	(4.0, 3.1641892610226505)	(5.0, 2.0103058140291954)	(6.0, 1.4874252217105306)	(7.0, 1.1357339630729848)	(8.0, 0.9005261620228843)	(9.0, 0.7287400674415485)	('>10', 7.0293584367495905)	('>50', 1.6843544539918467)	('>100', 3.425329305135625)	('>500', 1.2694265215017506)	('>1k', 2.102592965920902)	('>5k', 0.5831238716945182)	('>10k+', 1.3778541574830312)
C3_R2	(1.0, 53.933350305707876)	(2.0, 14.170180400625885)	(3.0, 5.5511791378145245)	(4.0, 2.9708538310273265)	(5.0, 1.992788674873605)	(6.0, 1.4323483752608883)	(7.0, 1.1060689626642815)	(8.0, 0.9069242270426495)	(9.0, 0.741706508289713)	('>10', 6.801759660552863)	('>50', 1.7118804874705962)	('>100', 3.4256627833446767)	('>500', 1.271913862984982)	('>1k', 2.0338226772241392)	('>5k', 0.6014060936037128)	('>10k+', 1.348154011512489)
GFP1_L001_R1_001	(1.0, 50.635259324713985)	(2.0, 13.846640354609374)	(3.0, 5.718359747741088)	(4.0, 3.19732184752203)	(5.0, 2.0862984698038973)	(6.0, 1.5007474502780944)	(7.0, 1.1837894751168105)	(8.0, 0.9430484966846385)	(9.0, 0.8069707255290832)	('>10', 7.168002709014322)	('>50', 1.927718686529543)	('>100', 3.8874643685428714)	('>500', 1.5273095221212654)	('>1k', 2.802820373436046)	('>5k', 0.7795307067744492)	('>10k+', 1.9887177415824027)
GFP1_L001_R2_001	(1.0, 52.089461615674814)	(2.0, 13.664661700503148)	(3.0, 5.508592714088305)	(4.0, 3.0163778581758334)	(5.0, 1.9885266189120656)	(6.0, 1.4370155342818114)	(7.0, 1.115404349649836)	(8.0, 0.9031252842637871)	(9.0, 0.75628811827124)	('>10', 6.960779128039968)	('>50', 1.861412796464702)	('>100', 3.8532920478945827)	('>500', 1.4977800950543982)	('>1k', 2.6804002545742964)	('>5k', 0.7833976593308666)	('>10k+', 1.8834842248199608)
GFP1_R1	(1.0, 50.53246549882905)	(2.0, 13.915243724085242)	(3.0, 5.7705215682901185)	(4.0, 3.2185377055052324)	(5.0, 2.083650461157252)	(6.0, 1.5137529312743818)	(7.0, 1.177909899238047)	(8.0, 0.9417420379540655)	(9.0, 0.8074814980783533)	('>10', 7.19979918532611)	('>50', 1.92364252702389)	('>100', 3.901298814765021)	('>500', 1.5630636955984545)	('>1k', 2.759218304070348)	('>5k', 0.796856512318107)	('>10k+', 1.8948156364864122)
GFP1_R2	(1.0, 51.527424748034164)	(2.0, 13.834594356774266)	(3.0, 5.5776985668188805)	(4.0, 3.055896391509233)	(5.0, 2.0237312636551823)	(6.0, 1.4316784727603413)	(7.0, 1.140488525390972)	(8.0, 0.9096995602210827)	(9.0, 0.7621060904654834)	('>10', 7.03006240825014)	('>50', 1.887299326680281)	('>100', 3.914905840520432)	('>500', 1.5182110828783835)	('>1k', 2.688919406488949)	('>5k', 0.7809856408903219)	('>10k+', 1.9162983186618603)
GFP2_L001_R1_001	(1.0, 49.038572279330474)	(2.0, 13.89469142218208)	(3.0, 5.690186128470781)	(4.0, 3.181973581130324)	(5.0, 2.1000405135286258)	(6.0, 1.6131451670087789)	(7.0, 1.1519825292273749)	(8.0, 0.9808656594371588)	(9.0, 0.7276760531929212)	('>10', 7.300475728833127)	('>50', 1.8608397361936357)	('>100', 3.971869922354956)	('>500', 1.7747595920935955)	('>1k', 3.50371114719315)	('>5k', 1.171540431454776)	('>10k+', 2.0376701083681716)
GFP2_L001_R2_001	(1.0, 50.08672438392837)	(2.0, 13.742176970067069)	(3.0, 5.6187468230066795)	(4.0, 3.115744016959377)	(5.0, 2.0146724069429705)	(6.0, 1.511342979641172)	(7.0, 1.1090295937428951)	(8.0, 0.9643045901415268)	(9.0, 0.7736294258776509)	('>10', 7.279329371142518)	('>50', 1.7148984601632018)	('>100', 3.853184603325926)	('>500', 1.7157779446890251)	('>1k', 3.4602962849833947)	('>5k', 1.1237572685254467)	('>10k+', 1.9163848768628933)
GFP2_R1	(1.0, 49.06973994342795)	(2.0, 13.93310394897416)	(3.0, 5.7124386454718605)	(4.0, 3.1952652066989455)	(5.0, 2.0867600476167674)	(6.0, 1.6411929093432087)	(7.0, 1.1547252976086915)	(8.0, 0.9612357946495218)	(9.0, 0.7254885357491563)	('>10', 7.301879353387646)	('>50', 1.8789214466886774)	('>100', 3.9683040836882357)	('>500', 1.7636547588167664)	('>1k', 3.477588412076619)	('>5k', 1.168298518834832)	('>10k+', 1.9614030969669363)
GFP2_R2	(1.0, 49.63113530686289)	(2.0, 13.898510200451557)	(3.0, 5.661242753933433)	(4.0, 3.166806448790973)	(5.0, 2.0282092731384234)	(6.0, 1.515295680330117)	(7.0, 1.132933278858653)	(8.0, 0.9586878189529474)	(9.0, 0.794262438396308)	('>10', 7.3265407685208785)	('>50', 1.7263233980891042)	('>100', 3.880007421721168)	('>500', 1.7533839568510328)	('>1k', 3.4649743866883442)	('>5k', 1.1139386158300395)	('>10k+', 1.9477482525843037)
GFP3_L001_R1_001	(1.0, 54.684911679387724)	(2.0, 14.55953739503412)	(3.0, 5.6151670756471335)	(4.0, 2.882939191490258)	(5.0, 1.8214926319242015)	(6.0, 1.3075742977503169)	(7.0, 0.994913354435292)	(8.0, 0.7173895921754513)	(9.0, 0.6614233410014704)	('>10', 5.861188904229229)	('>50', 1.5918009942774192)	('>100', 3.512441683487021)	('>500', 1.4606528115699198)	('>1k', 2.4257469424921596)	('>5k', 0.7138673057073068)	('>10k+', 1.1889527993912532)
GFP3_L001_R2_001	(1.0, 55.97207942778356)	(2.0, 14.230460037093229)	(3.0, 5.463485701712177)	(4.0, 2.931058315696036)	(5.0, 1.7939857168267082)	(6.0, 1.2654082086802896)	(7.0, 0.9053222997874307)	(8.0, 0.7306455187474264)	(9.0, 0.6497776293116612)	('>10', 5.573090258371228)	('>50', 1.507163948040613)	('>100', 3.4024585484155483)	('>500', 1.4345246506565301)	('>1k', 2.359270534237565)	('>5k', 0.6808883156038786)	('>10k+', 1.1003808890362148)
GFP3_R1	(1.0, 54.63457772573616)	(2.0, 14.674230162089918)	(3.0, 5.585098025528255)	(4.0, 2.8897116098838356)	(5.0, 1.8354884536763643)	(6.0, 1.3100603646297968)	(7.0, 0.9878144922338347)	(8.0, 0.74624657134656)	(9.0, 0.649429938860936)	('>10', 5.871237513873953)	('>50', 1.5955082647752366)	('>100', 3.5160297915489207)	('>500', 1.4673360046488975)	('>1k', 2.4140596188560974)	('>5k', 0.6727868930214925)	('>10k+', 1.1503845692894576)
GFP3_R2	(1.0, 55.43009462363154)	(2.0, 14.420350429239814)	(3.0, 5.542440699141824)	(4.0, 2.970052823386504)	(5.0, 1.8095060179448472)	(6.0, 1.2596478453006221)	(7.0, 0.9312040792324533)	(8.0, 0.7453208871260767)	(9.0, 0.6626550441590159)	('>10', 5.642694602851948)	('>50', 1.5333648292177806)	('>100', 3.4410760117230454)	('>500', 1.4620072409511162)	('>1k', 2.367000040278292)	('>5k', 0.6913383082581792)	('>10k+', 1.091246517556948)
YAF1_L001_R1_001	(1.0, 48.833192970564596)	(2.0, 13.932557206669053)	(3.0, 5.8571287237332905)	(4.0, 3.2831829761693845)	(5.0, 2.140206196754533)	(6.0, 1.6880195344718998)	(7.0, 1.2936743719669612)	(8.0, 1.066929054393149)	(9.0, 0.8559083908493423)	('>10', 8.36278210415285)	('>50', 2.0272662098382943)	('>100', 3.7234763175815213)	('>500', 1.4754940855960434)	('>1k', 2.6277536984495042)	('>5k', 0.8113766451711807)	('>10k+', 2.0210515136384943)
YAF1_L001_R2_001	(1.0, 51.15373379178513)	(2.0, 13.177714705885796)	(3.0, 5.6982124327638495)	(4.0, 3.1748398436141483)	(5.0, 2.1780685641240036)	(6.0, 1.5695354676981192)	(7.0, 1.2109630222959797)	(8.0, 0.9162675664659161)	(9.0, 0.7993902192119597)	('>10', 7.827211530961893)	('>50', 2.08925288716359)	('>100', 3.535182814977523)	('>500', 1.4530731723709884)	('>1k', 2.546255886286981)	('>5k', 0.7701463101073225)	('>10k+', 1.9001517842867046)
YAF1_R1	(1.0, 48.76578262544139)	(2.0, 14.002026546946489)	(3.0, 5.856892862288766)	(4.0, 3.2841794805668343)	(5.0, 2.160709110957867)	(6.0, 1.6952141422012579)	(7.0, 1.2969872280655181)	(8.0, 1.0588392211799413)	(9.0, 0.8543709828564637)	('>10', 8.39075921923284)	('>50', 2.0379389600575633)	('>100', 3.7626106969228377)	('>500', 1.4665486190863162)	('>1k', 2.6032097767569704)	('>5k', 0.8183141765440339)	('>10k+', 1.9456163508948396)
YAF1_R2	(1.0, 50.43615983453438)	(2.0, 13.418417340276928)	(3.0, 5.79439412576553)	(4.0, 3.230689987430799)	(5.0, 2.190763397287059)	(6.0, 1.6245356175436079)	(7.0, 1.2162983202240014)	(8.0, 0.9304613579407683)	(9.0, 0.8222618523168823)	('>10', 7.90749713323413)	('>50', 2.1427239301680143)	('>100', 3.551685115513388)	('>500', 1.4403606896490206)	('>1k', 2.589255584173746)	('>5k', 0.7938555252132431)	('>10k+', 1.9106401887284057)
YAF2_L001_R1_001	(1.0, 50.61960669397892)	(2.0, 13.74264572873041)	(3.0, 5.804722166289822)	(4.0, 3.2443770068200912)	(5.0, 2.1695985372720923)	(6.0, 1.5840705139398452)	(7.0, 1.1790387119736392)	(8.0, 0.9407352153703872)	(9.0, 0.7815470450857686)	('>10', 7.550721496354101)	('>50', 1.8889437320447482)	('>100', 3.498839076301387)	('>500', 1.4310170209611615)	('>1k', 2.7859279909750447)	('>5k', 0.9137948489162018)	('>10k+', 1.864414214986486)
YAF2_L001_R2_001	(1.0, 52.957611270630856)	(2.0, 13.185050925228946)	(3.0, 5.428762286441563)	(4.0, 3.1701279226972496)	(5.0, 2.0251629632930075)	(6.0, 1.4587317778565156)	(7.0, 1.1424824192065963)	(8.0, 0.8428170410151336)	(9.0, 0.7390915726757221)	('>10', 7.107677240137073)	('>50', 1.7875143187439193)	('>100', 3.506855814793555)	('>500', 1.2879001687939362)	('>1k', 2.7316964333015625)	('>5k', 0.8583731864207179)	('>10k+', 1.770144658763595)
YAF2_R1	(1.0, 50.63622821701309)	(2.0, 13.796429630348959)	(3.0, 5.812297321409755)	(4.0, 3.2874227153480566)	(5.0, 2.1559101922474)	(6.0, 1.5532849385993832)	(7.0, 1.1774539999004427)	(8.0, 0.9447828126892356)	(9.0, 0.761908599943768)	('>10', 7.569463962463538)	('>50', 1.8913158977760531)	('>100', 3.5004718620402935)	('>500', 1.405442715298193)	('>1k', 2.7718494558251794)	('>5k', 0.9193166364469492)	('>10k+', 1.8164210426494287)
YAF2_R2	(1.0, 52.23355180416163)	(2.0, 13.431072419722739)	(3.0, 5.512297976144462)	(4.0, 3.229905384019723)	(5.0, 2.0409403648050737)	(6.0, 1.4865134888792815)	(7.0, 1.1573972062778415)	(8.0, 0.8523894253408142)	(9.0, 0.7677503886838445)	('>10', 7.2051165982794405)	('>50', 1.8249156505437965)	('>100', 3.563750514830795)	('>500', 1.2713137966180594)	('>1k', 2.7692518257748615)	('>5k', 0.8923636314424767)	('>10k+', 1.761469524475048)
YAF3_L001_R1_001	(1.0, 47.068313283791085)	(2.0, 13.392647922493442)	(3.0, 5.294529663628687)	(4.0, 2.8388844005906235)	(5.0, 1.7368656389106987)	(6.0, 1.2581732367031435)	(7.0, 0.9419248811384333)	(8.0, 0.7835830654540231)	(9.0, 0.5706104496847327)	('>10', 6.160326953884261)	('>50', 1.6467699495587247)	('>100', 3.981410072351284)	('>500', 2.36218021638945)	('>1k', 6.294620771424227)	('>5k', 2.1183513839864254)	('>10k+', 3.550808110010622)
YAF3_L001_R2_001	(1.0, 47.666348419197995)	(2.0, 13.261993338031933)	(3.0, 5.132992207701684)	(4.0, 2.66743549045748)	(5.0, 1.759657567655207)	(6.0, 1.2525902889561848)	(7.0, 0.911557409997501)	(8.0, 0.767845594460705)	(9.0, 0.6202235448378308)	('>10', 6.109268675920002)	('>50', 1.6765041564985366)	('>100', 3.9453691952551426)	('>500', 2.3426031516952524)	('>1k', 6.3140211094391425)	('>5k', 2.1160063839722936)	('>10k+', 3.4555834659232163)
YAF3_R1	(1.0, 47.07637316151678)	(2.0, 13.444769279289236)	(3.0, 5.297493805209317)	(4.0, 2.821456956184568)	(5.0, 1.738808083974941)	(6.0, 1.2746589831495465)	(7.0, 0.9425612906454085)	(8.0, 0.7823887194264257)	(9.0, 0.571903396258852)	('>10', 6.163447739388097)	('>50', 1.6638399166802986)	('>100', 4.035175695440479)	('>500', 2.340192130794528)	('>1k', 6.25523383745818)	('>5k', 2.1176409832561074)	('>10k+', 3.474056021327432)
YAF3_R2	(1.0, 47.29403584417488)	(2.0, 13.403245876186542)	(3.0, 5.202740010254941)	(4.0, 2.6945460517090223)	(5.0, 1.7633491394496672)	(6.0, 1.2541578278030103)	(7.0, 0.9317460461854995)	(8.0, 0.7698742097148293)	(9.0, 0.6110255724771793)	('>10', 6.146236268242887)	('>50', 1.692939226951052)	('>100', 3.996182315772645)	('>500', 2.3635350538533566)	('>1k', 6.354325881446736)	('>5k', 2.0531923617940517)	('>10k+', 3.4688683139839442)
