Sample	total_reads	avg_input_read_length	uniquely_mapped	uniquely_mapped_percent	avg_mapped_read_length	num_splices	num_annotated_splices	num_GTAG_splices	num_GCAG_splices	num_ATAC_splices	num_noncanonical_splices	mismatch_rate	deletion_rate	deletion_length	insertion_rate	insertion_length	multimapped	multimapped_percent	multimapped_toomany	multimapped_toomany_percent	unmapped_mismatches_percent	unmapped_tooshort_percent	unmapped_other_percent	unmapped_mismatches	unmapped_tooshort	unmapped_other	mapped_percent	mapped
C1	76634076.0	294.0	66562408.0	86.86	290.82	32645549.0	32019624.0	32256547.0	250791.0	29238.0	108973.0	0.24	0.01	1.98	0.01	1.79	3476973.0	4.54	71216.0	0.09	0.0	8.47	0.04	0	6492816	30663	91.4	70039381.0
C2	61296138.0	294.0	50188150.0	81.88	289.81	25363562.0	24875874.0	25065437.0	188762.0	22746.0	86617.0	0.23	0.02	1.99	0.01	1.79	4008913.0	6.54	85264.0	0.14	0.0	11.4	0.04	0	6989287	24524	88.42	54197063.0
C3	45665971.0	294.0	38081609.0	83.39	290.28	17848935.0	17499278.0	17633771.0	135540.0	16069.0	63555.0	0.23	0.02	1.98	0.01	1.78	2488363.0	5.45	52053.0	0.11	0.0	11.0	0.04	0	5025671	18275	88.84	40569972.0
GFP1	47798816.0	294.0	39405473.0	82.44	290.59	20294278.0	19809437.0	20051771.0	155735.0	18479.0	68293.0	0.22	0.01	1.99	0.01	1.79	2732983.0	5.72	57000.0	0.12	0.0	11.68	0.05	0	5579475	23885	88.16	42138456.0
GFP2	48577854.0	294.0	39596898.0	81.51	290.92	21185698.0	20648556.0	20935135.0	161416.0	20358.0	68789.0	0.23	0.02	2.01	0.01	1.83	3180152.0	6.55	63475.0	0.13	0.0	11.77	0.04	0	5717897	19432	88.06	42777050.0
GFP3	36919499.0	294.0	31899908.0	86.4	292.38	15229268.0	14846800.0	15037808.0	117906.0	13981.0	59573.0	0.23	0.02	1.99	0.01	1.78	2029078.0	5.5	38468.0	0.1	0.0	7.95	0.05	0	2933595	18450	91.9	33928986.0
YAF1	69529175.0	294.0	56187868.0	80.81	288.89	29084199.0	28429183.0	28711353.0	242967.0	26771.0	103108.0	0.25	0.02	2.03	0.01	1.85	4186022.0	6.02	98710.0	0.14	0.0	12.98	0.05	0	9021822	34753	86.83	60373890.0
YAF2	70673390.0	293.0	57574383.0	81.47	289.28	28360397.0	27673444.0	27973054.0	239737.0	25368.0	122238.0	0.26	0.02	2.04	0.01	1.82	4889377.0	6.92	119403.0	0.17	0.0	11.4	0.05	0	8054898	35329	88.39	62463760.0
YAF3	41394954.0	293.0	29795872.0	71.98	287.06	13927799.0	13597667.0	13747931.0	103706.0	12941.0	63221.0	0.25	0.02	2.0	0.01	1.73	5386877.0	13.01	113386.0	0.27	0.0	14.68	0.06	0	6073993	24826	84.99000000000001	35182749.0
