Sample	Total reads	Aligned	Uniq aligned	Multimapped	Avg. read len	Avg. mapped len	Splices	Annotated splices	GT/AG splices	GC/AG splices	AT/AC splices	Non-canonical splices	Mismatch rate	Del rate	Del len	Ins rate	Ins len
C1	76.634076	91.4	86.86	3.4769729999999996	294.0	290.82	32.645548999999995	32.019624	32.256547	0.250791	0.029238	0.108973	0.24	0.01	1.98	0.01	1.79
C2	61.296138	88.42	81.88	4.008913	294.0	289.81	25.363561999999998	24.875874	25.065437	0.18876199999999999	0.022746	0.086617	0.23	0.02	1.99	0.01	1.79
C3	45.665971	88.84	83.39	2.488363	294.0	290.28	17.848935	17.499278	17.633771	0.13554	0.016069	0.063555	0.23	0.02	1.98	0.01	1.78
GFP1	47.798815999999995	88.16	82.44	2.732983	294.0	290.59	20.294278	19.809437	20.051771	0.15573499999999998	0.018479	0.06829299999999999	0.22	0.01	1.99	0.01	1.79
GFP2	48.577853999999995	88.06	81.51	3.1801519999999996	294.0	290.92	21.185698	20.648556	20.935135	0.161416	0.020357999999999998	0.068789	0.23	0.02	2.01	0.01	1.83
GFP3	36.919499	91.9	86.4	2.0290779999999997	294.0	292.38	15.229268	14.8468	15.037808	0.117906	0.013980999999999999	0.059572999999999994	0.23	0.02	1.99	0.01	1.78
YAF1	69.529175	86.83	80.81	4.1860219999999995	294.0	288.89	29.084198999999998	28.429183	28.711353	0.242967	0.026771	0.10310799999999999	0.25	0.02	2.03	0.01	1.85
YAF2	70.67339	88.39	81.47	4.889377	293.0	289.28	28.360397	27.673444	27.973053999999998	0.23973699999999998	0.025367999999999998	0.122238	0.26	0.02	2.04	0.01	1.82
YAF3	41.394954	84.99000000000001	71.98	5.386877	293.0	287.06	13.927798999999998	13.597667	13.747931	0.10370599999999999	0.012941	0.063221	0.25	0.02	2.0	0.01	1.73
